t,x,y,vx,vy,r,v,energy,h,e,dt_eff
0,2700000,0,0,-2860,2700000,2860,-4030233.333,7722000000,0.007335766274,0
4.5891216,2699968.332,-13124.83646,-13.8013598,-2859.966455,2700000.232,2859.999756,-4030233.333,7722000000,0.007335766274,0.2362224
8.9917104,2699878.425,-25715.90576,-27.04143266,-2859.87122,2700000.892,2859.999062,-4030233.333,7722000000,0.007335766274,0.2093136
13.330776,2699732.781,-38124.76157,-40.08988734,-2859.716946,2700001.96,2859.997939,-4030233.333,7722000000,0.007335766274,0.218592
17.6119584,2699533.591,-50367.30061,-52.96343455,-2859.505953,2700003.421,2859.996402,-4030233.333,7722000000,0.007335766274,0.2114016
21.9566352,2699275.104,-62790.35675,-66.02677877,-2859.232149,2700005.318,2859.994408,-4030233.333,7722000000,0.007335766274,0.2129808
26.1479424,2698971.958,-74773.62365,-78.627638,-2858.91104,2700007.541,2859.99207,-4030233.333,7722000000,0.007335766274,0.2069856
30.2852352,2698620.924,-86601.02531,-91.06456584,-2858.539207,2700010.117,2859.989362,-4030233.333,7722000000,0.007335766274,0.2041248
34.4334576,2698217.307,-98458.01387,-103.532567,-2858.111675,2700013.077,2859.986249,-4030233.333,7722000000,0.007335766274,0.2060304
38.848632,2697730.902,-111075.9608,-116.800692,-2857.596451,2700016.646,2859.982496,-4030233.333,7722000000,0.007335766274,0.244848
43.323744,2697178.119,-123862.7386,-130.2462905,-2857.010919,2700020.701,2859.978232,-4030233.333,7722000000,0.007335766274,0.249552
47.9982336,2696536.464,-137216.2449,-144.287749,-2856.331252,2700025.408,2859.973283,-4030233.333,7722000000,0.007335766274,0.2427792
52.7857296,2695811.271,-150889.1097,-158.6649387,-2855.5631,2700030.728,2859.967689,-4030233.333,7722000000,0.007335766274,0.2112192
57.2625024,2695070.878,-163671.0853,-172.1052667,-2854.778851,2700036.159,2859.961978,-4030233.333,7722000000,0.007335766274,0.2452464
61.9512096,2694230.934,-177054.249,-186.1776572,-2853.889159,2700042.321,2859.955498,-4030233.333,7722000000,0.007335766274,0.2229455999
66.629976,2693327.01,-190404.7169,-200.2155682,-2852.931702,2700048.951,2859.948526,-4030233.333,7722000000,0.007335766274,0.2412
71.5440192,2692306.927,-204421.5232,-214.954013,-2851.851212,2700056.435,2859.940657,-4030233.333,7722000000,0.007335766274,0.2304432
76.169664,2691280.55,-217610.6857,-228.8220878,-2850.764061,2700063.964,2859.93274,-4030233.333,7722000000,0.007335766274,0.2487168
80.843856,2690178.251,-230933.0026,-242.8300493,-2849.596499,2700072.05,2859.924237,-4030233.333,7722000000,0.007335766274,0.2322576
85.2742992,2689073.004,-243555.4077,-256.1019577,-2848.425822,2700080.158,2859.915712,-4030233.333,7722000000,0.007335766274,0.2152608
89.8505952,2687869.649,-256587.7563,-269.8047746,-2847.151237,2700088.985,2859.906429,-4030233.333,7722000000,0.007335766274,0.2360063999
94.0885008,2686699.364,-268651.108,-282.48862,-2845.911687,2700097.57,2859.897402,-4030233.333,7722000000,0.007335766274,0.2110895999
98.558796,2685406.663,-281370.1366,-295.8617332,-2844.542486,2700107.053,2859.887431,-4030233.333,7722000000,0.007335766274,0.211164
103.162776,2684012.829,-294462.9806,-309.6277343,-2843.066177,2700117.278,2859.876679,-4030233.333,7722000000,0.007335766274,0.207192
107.3536224,2682688.981,-306374.9155,-322.1519715,-2841.664006,2700126.99,2859.866468,-4030233.333,7722000000,0.007335766274,0.2075712
111.9404784,2681179.893,-319405.5788,-335.8522838,-2840.065647,2700138.06,2859.854827,-4030233.333,7722000000,0.007335766274,0.2427792
116.5696656,2679593.182,-332548.9107,-349.6708795,-2838.385088,2700149.7,2859.842588,-4030233.333,7722000000,0.007335766274,0.2321376
121.26108,2677919.898,-345860.8214,-363.6665282,-2836.612851,2700161.974,2859.829682,-4030233.333,7722000000,0.007335766274,0.24288
125.7846432,2676244.323,-358688.4294,-377.152814,-2834.838203,2700174.266,2859.816757,-4030233.333,7722000000,0.007335766274,0.2060592
130.3002096,2674510.886,-371485.2086,-390.6065,-2833.002289,2700186.982,2859.803387,-4030233.333,7722000000,0.007335766274,0.2413536001
134.9558352,2672660.097,-384670.0702,-404.4679863,-2831.042106,2700200.559,2859.789111,-4030233.333,7722000000,0.007335766274,0.2305392
139.553808,2670768.911,-397682.5456,-418.1480297,-2829.039157,2700214.432,2859.774524,-4030233.333,7722000000,0.007335766274,0.2314848
144.24492,2668774.614,-410948.9581,-432.0948154,-2826.927027,2700229.062,2859.759141,-4030233.333,7722000000,0.007335766274,0.234264
148.699344,2666820.404,-423536.7033,-445.3279135,-2824.857374,2700243.398,2859.744068,-4030233.333,7722000000,0.007335766274,0.2054687999
152.878464,2664933.399,-435337.9644,-457.7340099,-2822.858917,2700257.24,2859.729513,-4030233.333,7722000000,0.007335766274,0.2074896
157.432704,2662818.002,-448188.8647,-471.243319,-2820.618603,2700272.758,2859.713197,-4030233.333,7722000000,0.007335766274,0.2364144
162.221328,2660527.408,-461689.9671,-485.4358859,-2818.192776,2700289.562,2859.695529,-4030233.333,7722000000,0.007335766274,0.2474159999
166.927536,2658210.049,-474947.2209,-499.371851,-2815.738633,2700306.561,2859.677655,-4030233.333,7722000000,0.007335766274,0.2333472
171.562488,2655863.7,-487992.3018,-513.0845176,-2813.253822,2700323.774,2859.659558,-4030233.333,7722000000,0.007335766274,0.2266416
176.030928,2653541.499,-500557.6866,-526.2926853,-2810.794613,2700340.809,2859.641647,-4030233.333,7722000000,0.007335766274,0.207072
180.745152,2651027.617,-513802.1543,-540.214397,-2808.132451,2700359.25,2859.622258,-4030233.333,7722000000,0.007335766274,0.228408
185.49806,2648426.699,-527142.4319,-554.2365219,-2805.378157,2700378.33,2859.602197,-4030233.333,7722000000,0.007335766274,0.22718
189.787188,2646022.393,-539169.6183,-566.8781795,-2802.832103,2700395.967,2859.583653,-4030233.333,7722000000,0.007335766274,0.212892
194.43744,2643354.424,-552196.951,-580.5707944,-2800.006882,2700415.539,2859.563076,-4030233.333,7722000000,0.007335766274,0.21456
198.8182944,2640782.796,-564457.4304,-593.457115,-2797.283719,2700434.404,2859.543242,-4030233.333,7722000000,0.007335766274,0.2083584
203.022408,2638261.862,-576211.9368,-605.8113748,-2794.614273,2700452.897,2859.523799,-4030233.333,7722000000,0.007335766274,0.20676
207.1786608,2635718.596,-587821.4823,-618.0130214,-2791.921217,2700471.553,2859.504184,-4030233.333,7722000000,0.007335766274,0.2057568
211.6190016,2632945.49,-600212.0673,-631.035255,-2788.984828,2700491.896,2859.482796,-4030233.333,7722000000,0.007335766274,0.2316336
216.2949168,2629962.792,-613245.7664,-644.7330605,-2785.826553,2700513.777,2859.459792,-4030233.333,7722000000,0.007335766274,0.2426208
220.9673712,2626918.36,-626254.9092,-658.4047168,-2782.602964,2700536.11,2859.436313,-4030233.333,7722000000,0.007335766274,0.2289072
225.364728,2623994.857,-638484.2232,-671.2565116,-2779.50747,2700557.556,2859.413766,-4030233.333,7722000000,0.007335766274,0.2097072001
229.567032,2621148.252,-650158.2447,-683.5244551,-2776.493445,2700578.438,2859.391812,-4030233.333,7722000000,0.007335766274,0.207
233.748672,2618264.498,-661762.1756,-695.7184515,-2773.440135,2700599.593,2859.369572,-4030233.333,7722000000,0.007335766274,0.2053776
237.895128,2615354.688,-673255.7541,-707.7961929,-2770.359284,2700620.938,2859.347131,-4030233.333,7722000000,0.007335766274,0.207408
242.069784,2612374.524,-684814.4837,-719.9420988,-2767.203996,2700642.8,2859.324148,-4030233.333,7722000000,0.007335766274,0.2074896
246.614232,2609072.773,-697381.9793,-733.1476699,-2763.708281,2700667.021,2859.298685,-4030233.333,7722000000,0.007335766274,0.221592
251.1624816,2605708.21,-709943.9377,-746.3470556,-2760.14613,2700691.703,2859.272737,-4030233.333,7722000000,0.007335766274,0.2430432
255.6036096,2602364.999,-722194.2627,-759.2186344,-2756.606648,2700716.228,2859.246955,-4030233.333,7722000000,0.007335766274,0.2147616
260.0892,2598930.33,-734551.1387,-772.2018,-2752.970407,2700741.423,2859.220467,-4030233.333,7722000000,0.007335766274,0.2418768
264.5590464,2595449.825,-746848.2813,-785.1218311,-2749.285708,2700766.956,2859.193627,-4030233.333,7722000000,0.007335766274,0.2476848
269.2674048,2591721.188,-759783.6376,-798.7119934,-2745.338398,2700794.308,2859.164873,-4030233.333,7722000000,0.007335766274,0.2420064
273.8471856,2588033.029,-772347.7695,-811.911729,-2741.434018,2700821.364,2859.136431,-4030233.333,7722000000,0.007335766274,0.2231376
278.3865024,2584317.847,-784783.1043,-824.9757463,-2737.50111,2700848.617,2859.107782,-4030233.333,7722000000,0.007335766274,0.2379984
283.1403648,2580363.546,-797786.8854,-838.6365085,-2733.315157,2700877.625,2859.077288,-4030233.333,7722000000,0.007335766274,0.2138208
287.510448,2576671.23,-809723.1808,-851.17545,-2729.406618,2700904.711,2859.048816,-4030233.333,7722000000,0.007335766274,0.2248464
292.164792,2572678.528,-822416.968,-864.5096969,-2725.180189,2700934.001,2859.018027,-4030233.333,7722000000,0.007335766274,0.220608
296.80584,2568635.483,-835054.7543,-877.7846681,-2720.900566,2700963.659,2858.986851,-4030233.333,7722000000,0.007335766274,0.2341008
301.1912832,2564758.54,-846978.132,-890.3087928,-2716.79685,2700992.1,2858.956955,-4030233.333,7722000000,0.007335766274,0.2149488001
305.5509696,2560849.967,-858813.5169,-902.7400825,-2712.659743,2701020.772,2858.926816,-4030233.333,7722000000,0.007335766274,0.2234304
310.141896,2556675.545,-871257.0201,-915.8096627,-2708.241339,2701051.395,2858.894628,-4030233.333,7722000000,0.007335766274,0.247368
314.565648,2552596.413,-883228.0801,-928.3825904,-2703.923892,2701081.318,2858.863174,-4030233.333,7722000000,0.007335766274,0.2221439999
319.0406448,2548413.485,-895318.2474,-941.0801694,-2699.496684,2701112.003,2858.830921,-4030233.333,7722000000,0.007335766274,0.2417088
323.6096256,2544084.133,-907641.752,-954.0223415,-2694.914607,2701143.762,2858.797538,-4030233.333,7722000000,0.007335766274,0.2382576
328.1832624,2539691.198,-919956.7044,-966.9550532,-2690.265345,2701175.988,2858.763667,-4030233.333,7722000000,0.007335766274,0.2156784
332.666904,2535327.337,-932008.5589,-979.6109979,-2685.646964,2701208,2858.730019,-4030233.333,7722000000,0.007335766274,0.2354928
336.947976,2531107.723,-943496.4675,-991.6742889,-2681.181346,2701238.954,2858.697484,-4030233.333,7722000000,0.007335766274,0.2110512
341.167944,2526897.834,-954801.5852,-1003.545207,-2676.726124,2701269.837,2858.665025,-4030233.333,7722000000,0.007335766274,0.2114016
345.7621776,2522257.67,-967087.8344,-1016.445874,-2671.815668,2701303.876,2858.629248,-4030233.333,7722000000,0.007335766274,0.2390064
350.2921344,2517624.448,-979179.9617,-1029.142208,-2666.912684,2701337.864,2858.593526,-4030233.333,7722000000,0.007335766274,0.2385888
354.8879808,2512865.116,-991425.1336,-1041.998717,-2661.876374,2701372.778,2858.556831,-4030233.333,7722000000,0.007335766274,0.2196144
359.578096,2507947.304,-1003897.462,-1055.093182,-2656.672499,2701408.854,2858.518916,-4030233.333,7722000000,0.007335766274,0.228464
364.1418816,2503103.058,-1016010.273,-1067.809662,-2651.546605,2701444.39,2858.481567,-4030233.333,7722000000,0.007335766274,0.2115696
368.6445888,2498266.824,-1027937.912,-1080.331222,-2646.429323,2701479.867,2858.444282,-4030233.333,7722000000,0.007335766274,0.2354448
373.1856336,2493332.366,-1039943.635,-1092.934223,-2641.208248,2701516.065,2858.406239,-4030233.333,7722000000,0.007335766274,0.2175456
377.6676384,2488406.001,-1051769.884,-1105.348295,-2635.995875,2701552.204,2858.368259,-4030233.333,7722000000,0.007335766274,0.2412624
382.3320864,2483220.082,-1064052.577,-1118.240937,-2630.50903,2701590.247,2858.328279,-4030233.333,7722000000,0.007335766274,0.2456064
387.1613952,2477787.578,-1076742.267,-1131.560175,-2624.761457,2701630.098,2858.286398,-4030233.333,7722000000,0.007335766274,0.2368032
391.6736928,2472653.615,-1088573.739,-1143.978051,-2619.329896,2701667.76,2858.24682,-4030233.333,7722000000,0.007335766274,0.2356368
396.209856,2467436.08,-1100442.95,-1156.434977,-2613.810073,2701706.035,2858.206598,-4030233.333,7722000000,0.007335766274,0.215616
400.6801728,2462239.06,-1112115.242,-1168.684679,-2608.312109,2701744.159,2858.166534,-4030233.333,7722000000,0.007335766274,0.2348688
405.3828096,2456712.916,-1124367.466,-1181.542403,-2602.466133,2701784.697,2858.123934,-4030233.333,7722000000,0.007335766274,0.2384256
410.0320176,2451190.186,-1136453.316,-1194.224919,-2596.623944,2701825.211,2858.081361,-4030233.333,7722000000,0.007335766274,0.2130336
414.251856,2446126.507,-1147399.365,-1205.710835,-2591.267514,2701862.357,2858.042327,-4030233.333,7722000000,0.007335766274,0.20904
418.494504,2440986.647,-1158381.686,-1217.234297,-2585.830648,2701900.061,2858.002707,-4030233.333,7722000000,0.007335766274,0.2357040001
423.2254896,2435197.59,-1170600.754,-1230.054832,-2579.707253,2701942.529,2857.958083,-4030233.333,7722000000,0.007335766274,0.2358336
427.6855392,2429684.585,-1182093.394,-1242.112584,-2573.876033,2701982.971,2857.915587,-4030233.333,7722000000,0.007335766274,0.2448528
432.2858,2423941.993,-1193919.947,-1254.520055,-2567.802159,2702025.097,2857.871322,-4030233.333,7722000000,0.007335766274,0.211616
436.685176,2418396.838,-1205203.794,-1266.357574,-2561.937292,2702065.775,2857.82858,-4030233.333,7722000000,0.007335766274,0.2182759999
441.026736,2412873.561,-1216313.937,-1278.012298,-2556.09574,2702106.292,2857.786007,-4030233.333,7722000000,0.007335766274,0.2298239999
445.5455712,2407071.081,-1227850.668,-1290.113916,-2549.959083,2702148.858,2857.741283,-4030233.333,7722000000,0.007335766274,0.2285616
450.212824,2401020.685,-1239737.064,-1302.581665,-2543.56044,2702193.242,2857.694649,-4030233.333,7722000000,0.007335766274,0.210572
454.635896,2395233.197,-1250973.9,-1314.367466,-2537.440034,2702235.698,2857.650042,-4030233.333,7722000000,0.007335766274,0.214504
458.9371536,2389555.166,-1261875.188,-1325.800745,-2531.435567,2702277.351,2857.606279,-4030233.333,7722000000,0.007335766274,0.2145696
463.5562656,2383402.846,-1273553.17,-1338.047976,-2524.929753,2702322.483,2857.558861,-4030233.333,7722000000,0.007335766274,0.2481216
468.1159824,2377274.223,-1285051.382,-1350.106015,-2518.449215,2702367.441,2857.511627,-4030233.333,7722000000,0.007335766274,0.2301984
472.9223952,2370754.579,-1297139.547,-1362.782015,-2511.555438,2702415.267,2857.46138,-4030233.333,7722000000,0.007335766274,0.2365632
477.4188336,2364600.314,-1308417.993,-1374.608248,-2505.048232,2702460.414,2857.41395,-4030233.333,7722000000,0.007335766274,0.2086656
481.7852208,2358573.225,-1319342.11,-1386.062318,-2498.675706,2702504.627,2857.3675,-4030233.333,7722000000,0.007335766274,0.2136768
486.0880272,2352585.036,-1330079.825,-1397.320336,-2492.344516,2702548.555,2857.321352,-4030233.333,7722000000,0.007335766274,0.2124912
490.4656896,2346443.023,-1340976.274,-1408.744154,-2485.850905,2702593.611,2857.274018,-4030233.333,7722000000,0.007335766274,0.2334336
495.202128,2339741.389,-1352733.599,-1421.0698,-2478.765885,2702642.773,2857.222373,-4030233.333,7722000000,0.007335766274,0.21912
499.6272432,2333427.574,-1363687.675,-1432.552694,-2472.091105,2702689.09,2857.173717,-4030233.333,7722000000,0.007335766274,0.2180592
504.11952,2326966.027,-1374777.67,-1444.177396,-2465.260385,2702736.49,2857.123924,-4030233.333,7722000000,0.007335766274,0.239784
508.8281568,2320137.303,-1386368.715,-1456.326572,-2458.041769,2702786.584,2857.071302,-4030233.333,7722000000,0.007335766274,0.2121888
513.1559808,2313810.473,-1396992.233,-1467.460967,-2451.353943,2702832.996,2857.022549,-4030233.333,7722000000,0.007335766274,0.2154768
517.554792,2307330.557,-1407760.231,-1478.74613,-2444.504534,2702880.531,2856.972617,-4030233.333,7722000000,0.007335766274,0.222252
521.949288,2300807.5,-1418487.466,-1489.987904,-2437.609767,2702928.383,2856.922353,-4030233.333,7722000000,0.007335766274,0.2158176
526.597392,2293854.315,-1429800.672,-1501.843024,-2430.260631,2702979.39,2856.868776,-4030233.333,7722000000,0.007335766274,0.2496768
531.085728,2287087.914,-1440692.469,-1513.25583,-2423.109181,2703029.027,2856.816639,-4030233.333,7722000000,0.007335766274,0.2182416
535.589448,2280246.91,-1451589.214,-1524.673104,-2415.87915,2703079.211,2856.763928,-4030233.333,7722000000,0.007335766274,0.2470704
539.991072,2273511.377,-1462207.359,-1535.797772,-2408.76085,2703128.621,2856.712031,-4030233.333,7722000000,0.007335766274,0.2158608
544.317216,2266843.703,-1472612.781,-1546.698894,-2401.714522,2703177.533,2856.660658,-4030233.333,7722000000,0.007335766274,0.2233968001
548.8938,2259738.784,-1483587.27,-1558.195458,-2394.206398,2703229.653,2856.605916,-4030233.333,7722000000,0.007335766274,0.2338271999
553.2544752,2252920.179,-1494011.934,-1569.115335,-2387.001108,2703279.673,2856.553382,-4030233.333,7722000000,0.007335766274,0.2173824
557.5270752,2246193.178,-1504195.467,-1579.781951,-2379.89288,2703329.021,2856.501555,-4030233.333,7722000000,0.007335766274,0.2110944001
561.7821936,2239448.475,-1514307.047,-1590.372535,-2372.766206,2703378.498,2856.449592,-4030233.333,7722000000,0.007335766274,0.2102592001
566.299488,2232238.966,-1525008.346,-1601.58004,-2365.148692,2703431.386,2856.394049,-4030233.333,7722000000,0.007335766274,0.238488
570.8690208,2224894.663,-1535798.262,-1612.879583,-2357.389061,2703485.262,2856.337469,-4030233.333,7722000000,0.007335766274,0.2395488
575.354856,2217634.74,-1546355.936,-1623.935154,-2349.718887,2703538.519,2856.28154,-4030233.333,7722000000,0.007335766274,0.2318016
579.926064,2210185.717,-1557079.024,-1635.163159,-2341.849241,2703593.163,2856.224155,-4030233.333,7722000000,0.007335766274,0.231216
584.5705344,2202564.835,-1567936.999,-1646.53159,-2333.79836,2703649.068,2856.165448,-4030233.333,7722000000,0.007335766274,0.2265408
589.1331312,2195026.972,-1578567.034,-1657.660565,-2325.835511,2703704.364,2856.107381,-4030233.333,7722000000,0.007335766274,0.2334096
593.85764,2187168.198,-1589535.877,-1669.143407,-2317.534004,2703762.014,2856.046844,-4030233.333,7722000000,0.007335766274,0.217528
598.55996,2179292.562,-1600414.126,-1680.530554,-2309.21504,2703819.788,2855.986178,-4030233.333,7722000000,0.007335766274,0.211208
603.20112,2171466.949,-1611112.402,-1691.728465,-2300.949268,2703877.195,2855.925898,-4030233.333,7722000000,0.007335766274,0.2435664001
607.7746608,2163704.603,-1621617.159,-1702.722996,-2292.750667,2703934.138,2855.866107,-4030233.333,7722000000,0.007335766274,0.2312112
612.3718992,2155851.454,-1632138.436,-1713.733986,-2284.456512,2703991.747,2855.805618,-4030233.333,7722000000,0.007335766274,0.2350944
617.0190096,2147861.761,-1642734.973,-1724.822889,-2276.018507,2704050.357,2855.744079,-4030233.333,7722000000,0.007335766274,0.2146272
621.672936,2139808.802,-1653307.627,-1735.885938,-2267.514057,2704109.432,2855.682054,-4030233.333,7722000000,0.007335766274,0.2371680001
626.4427776,2131501.947,-1664102.411,-1747.18052,-2258.741865,2704170.369,2855.618074,-4030233.333,7722000000,0.007335766274,0.2445552001
631.2620592,2123054.385,-1674966.452,-1758.546635,-2249.82149,2704232.338,2855.553012,-4030233.333,7722000000,0.007335766274,0.2363424001
635.80764,2115036.484,-1685173.975,-1769.225029,-2241.355202,2704291.156,2855.491261,-4030233.333,7722000000,0.007335766274,0.234768
640.4841936,2106737.004,-1695635.323,-1780.168077,-2232.591976,2704352.039,2855.427343,-4030233.333,7722000000,0.007335766274,0.2109647999
644.7583584,2099106.967,-1705160.588,-1790.131156,-2224.535947,2704408.011,2855.368582,-4030233.333,7722000000,0.007335766274,0.2099472
649.345416,2090871.086,-1715344.739,-1800.782569,-2215.840625,2704468.427,2855.305156,-4030233.333,7722000000,0.007335766274,0.2303519999
653.9559744,2082543.876,-1725540.755,-1811.445512,-2207.049272,2704529.514,2855.241028,-4030233.333,7722000000,0.007335766274,0.2416224
658.721552,2073885.12,-1736036.86,-1822.421357,-2197.908315,2704593.032,2855.174349,-4030233.333,7722000000,0.007335766274,0.209096
663.058488,2065959.809,-1745550.922,-1832.369446,-2189.542025,2704651.171,2855.113319,-4030233.333,7722000000,0.007335766274,0.2161584
667.4789616,2057837.53,-1755210.802,-1842.46919,-2180.968181,2704710.754,2855.050774,-4030233.333,7722000000,0.007335766274,0.2132688
671.8748688,2049716.205,-1764779.311,-1852.472582,-2172.395721,2704770.33,2854.988237,-4030233.333,7722000000,0.007335766274,0.2183664
676.2643776,2041562.911,-1774296.19,-1862.421179,-2163.789896,2704830.141,2854.925456,-4030233.333,7722000000,0.007335766274,0.2423136
680.833512,2033029.681,-1784162.28,-1872.733953,-2154.783455,2704892.738,2854.859751,-4030233.333,7722000000,0.007335766274,0.231048
685.2958512,2024650.515,-1793757.941,-1882.763189,-2145.940027,2704954.206,2854.795233,-4030233.333,7722000000,0.007335766274,0.2357904
689.9097936,2015939.716,-1803637.996,-1893.088765,-2136.747017,2705018.106,2854.728164,-4030233.333,7722000000,0.007335766274,0.2234208001
694.6298256,2006979.439,-1813701.214,-1903.604809,-2127.291173,2705083.837,2854.659175,-4030233.333,7722000000,0.007335766274,0.2239728
699.2875248,1998088.945,-1823587.668,-1913.935181,-2117.909425,2705149.055,2854.590725,-4030233.333,7722000000,0.007335766274,0.2409408001
703.7754048,1989477.181,-1833072.217,-1923.844703,-2108.82224,2705212.229,2854.524423,-4030233.333,7722000000,0.007335766274,0.2356512
708.5387904,1980288.21,-1843094.279,-1934.314852,-2099.126451,2705279.637,2854.453679,-4030233.333,7722000000,0.007335766274,0.2458895999
713.395216,1970868.536,-1853264.419,-1944.938665,-2089.187736,2705348.738,2854.38116,-4030233.333,7722000000,0.007335766274,0.226396
717.894816,1962095.032,-1862644.12,-1954.735843,-2079.931252,2705413.098,2854.313618,-4030233.333,7722000000,0.007335766274,0.211272
722.2962,1953470.478,-1871778.688,-1964.276101,-2070.832348,2705476.366,2854.247223,-4030233.333,7722000000,0.007335766274,0.213552
726.7335264,1944733.084,-1880947.213,-1973.850943,-2061.614831,2705540.462,2854.179962,-4030233.333,7722000000,0.007335766274,0.2247552
731.3076672,1935681.926,-1890355.511,-1983.675253,-2052.066768,2705606.859,2854.110287,-4030233.333,7722000000,0.007335766274,0.2424576
735.7469808,1926854.688,-1899444.627,-1993.165361,-2042.755372,2705671.613,2854.042338,-4030233.333,7722000000,0.007335766274,0.2332128
740.3184528,1917720.738,-1908761.022,-2002.891837,-2033.120909,2705738.618,2853.972029,-4030233.333,7722000000,0.007335766274,0.2332608
745.0677312,1908184.55,-1918393.014,-2012.946789,-2023.062676,2705808.573,2853.898626,-4030233.333,7722000000,0.007335766274,0.2385552
749.737464,1898761.64,-1927816.99,-2022.783579,-2013.124433,2705877.697,2853.826096,-4030233.333,7722000000,0.007335766274,0.2432543999
754.458888,1889187.841,-1937297.988,-2032.678863,-2003.027569,2705947.928,2853.752408,-4030233.333,7722000000,0.007335766274,0.249384
759.1582656,1879612.472,-1946687.262,-2042.477389,-1992.929574,2706018.171,2853.678708,-4030233.333,7722000000,0.007335766274,0.2253264
763.722392,1870268.722,-1955760.776,-2051.945405,-1983.076345,2706086.715,2853.606794,-4030233.333,7722000000,0.007335766274,0.216064
767.982504,1861508.459,-1964189.241,-2060.739446,-1973.83887,2706150.978,2853.539372,-4030233.333,7722000000,0.007335766274,0.21042
772.4343552,1852313.98,-1972954.914,-2069.884407,-1964.143999,2706218.427,2853.46861,-4030233.333,7722000000,0.007335766274,0.2424336001
777.0993216,1842635.783,-1982093.796,-2079.417721,-1953.939606,2706289.424,2853.394127,-4030233.333,7722000000,0.007335766274,0.2412576
781.719552,1833006.679,-1991098.012,-2088.809538,-1943.787506,2706360.06,2853.320024,-4030233.333,7722000000,0.007335766274,0.2484432001
786.4807248,1823038.559,-2000327.721,-2098.43549,-1933.278536,2706433.184,2853.243314,-4030233.333,7722000000,0.007335766274,0.2481312001
791.0028576,1813528.576,-2009047.612,-2107.52873,-1923.25309,2706502.947,2853.170131,-4030233.333,7722000000,0.007335766274,0.2217792
795.4590096,1804117.231,-2017595.831,-2116.441984,-1913.332137,2706571.987,2853.097709,-4030233.333,7722000000,0.007335766274,0.2440895999
800.146032,1794175.548,-2026539.12,-2125.766144,-1902.852679,2706644.916,2853.021209,-4030233.333,7722000000,0.007335766274,0.2434656
804.4738944,1784956.979,-2034753.392,-2134.329292,-1893.135954,2706712.542,2852.950274,-4030233.333,7722000000,0.007335766274,0.2287872001
809.1759504,1774899.469,-2043630.119,-2143.581995,-1882.535507,2706786.321,2852.872886,-4030233.333,7722000000,0.007335766274,0.2454672
813.7506768,1765072.674,-2052218.531,-2152.533131,-1872.178788,2706858.408,2852.797276,-4030233.333,7722000000,0.007335766274,0.2283408
818.298984,1755262.148,-2060710.279,-2161.382499,-1861.839767,2706930.376,2852.721792,-4030233.333,7722000000,0.007335766274,0.2318064
822.870336,1745361.475,-2069197.572,-2170.226195,-1851.406298,2707003.005,2852.645617,-4030233.333,7722000000,0.007335766274,0.216252
827.6279712,1735014.542,-2077979.969,-2179.376284,-1840.503153,2707078.908,2852.566011,-4030233.333,7722000000,0.007335766274,0.2231664
832.1202864,1725204.786,-2086224.887,-2187.965356,-1830.166627,2707150.87,2852.49054,-4030233.333,7722000000,0.007335766274,0.2432592
836.672688,1715224.573,-2094532.62,-2196.618833,-1819.651053,2707224.082,2852.413759,-4030233.333,7722000000,0.007335766274,0.2468928001
840.9651552,1705778.23,-2102322.065,-2204.731496,-1809.698513,2707293.379,2852.341087,-4030233.333,7722000000,0.007335766274,0.2482415999
845.5886832,1695564.489,-2110664.397,-2213.418947,-1798.938024,2707368.304,2852.262514,-4030233.333,7722000000,0.007335766274,0.2313072
850.20386,1685329.26,-2118941.949,-2222.037855,-1788.155495,2707443.387,2852.183778,-4030233.333,7722000000,0.007335766274,0.2083640001
854.604812,1675532.183,-2126788.839,-2230.207331,-1777.835108,2707515.256,2852.108415,-4030233.333,7722000000,0.007335766274,0.212068
859.1523696,1665371.089,-2134849.325,-2238.59814,-1767.131837,2707589.796,2852.030253,-4030233.333,7722000000,0.007335766274,0.2412432
863.8435152,1654849.302,-2143113.219,-2247.19958,-1756.049249,2707666.981,2851.949319,-4030233.333,7722000000,0.007335766274,0.2494656
868.4868192,1644395.211,-2151241.542,-2255.658792,-1745.038591,2707743.67,2851.868908,-4030233.333,7722000000,0.007335766274,0.2300352
873.0306514,1634127.169,-2159146.151,-2263.884099,-1734.224494,2707818.994,2851.789931,-4030233.333,7722000000,0.007335766274,0.2404645714
877.7734515,1623369.769,-2167344.382,-2272.413793,-1722.895661,2707897.908,2851.707191,-4030233.333,7722000000,0.007335766274,0.2326545
882.46214,1612695.47,-2175396.167,-2280.789962,-1711.654996,2707976.212,2851.625094,-4030233.333,7722000000,0.007335766274,0.225644
887.2633,1601724.559,-2183586.381,-2289.308939,-1700.102657,2708056.692,2851.540717,-4030233.333,7722000000,0.007335766274,0.226832
892.022598,1590809.075,-2191650.343,-2297.695393,-1688.609365,2708136.765,2851.45677,-4030233.333,7722000000,0.007335766274,0.24165
896.743872,1579941.5,-2199595.736,-2305.957349,-1677.167193,2708216.487,2851.373193,-4030233.333,7722000000,0.007335766274,0.239877
901.495359,1568965.134,-2207537.336,-2314.21416,-1665.611162,2708297.007,2851.288782,-4030233.333,7722000000,0.007335766274,0.249489
906.279756,1557873.244,-2215478.363,-2322.469153,-1653.934203,2708378.375,2851.203485,-4030233.333,7722000000,0.007335766274,0.22984
910.971864,1546957.088,-2223211.857,-2330.50721,-1642.442933,2708458.453,2851.119543,-4030233.333,7722000000,0.007335766274,0.244332
915.7627543,1535772.341,-2231052.435,-2338.655339,-1630.669627,2708540.502,2851.033537,-4030233.333,7722000000,0.007335766274,0.2481325714
920.4647625,1524757.278,-2238692.615,-2346.593996,-1619.075631,2708621.306,2850.948839,-4030233.333,7722000000,0.007335766274,0.2390625001
925.096608,1513870.215,-2246165.4,-2354.357538,-1607.617042,2708701.171,2850.865127,-4030233.333,7722000000,0.007335766274,0.221256
929.743432,1502911.944,-2253608.932,-2362.089506,-1596.084189,2708781.558,2850.780871,-4030233.333,7722000000,0.007335766274,0.2243680001
934.34616,1492022.371,-2260928.914,-2369.691962,-1584.624314,2708861.442,2850.697145,-4030233.333,7722000000,0.007335766274,0.233982
939.1638934,1480586.778,-2268534.24,-2377.589515,-1572.590551,2708945.33,2850.609223,-4030233.333,7722000000,0.007335766274,0.2340668571
943.8659434,1469389.228,-2275900.953,-2385.238041,-1560.808005,2709027.473,2850.523135,-4030233.333,7722000000,0.007335766274,0.2361381428
948.7544477,1457709.672,-2283500.948,-2393.127463,-1548.519032,2709113.151,2850.433343,-4030233.333,7722000000,0.007335766274,0.2362538571
953.5325374,1446256.795,-2290871.139,-2400.777028,-1536.469321,2709197.167,2850.345297,-4030233.333,7722000000,0.007335766274,0.2428804286
958.324428,1434734.276,-2298204.702,-2408.387283,-1524.347092,2709281.694,2850.256719,-4030233.333,7722000000,0.007335766274,0.2381862857
963.2555834,1422838.967,-2305690.658,-2416.154316,-1511.833465,2709368.955,2850.165277,-4030233.333,7722000000,0.007335766274,0.2486492308
968.2412734,1410773.332,-2313196.568,-2423.940642,-1499.141482,2709457.466,2850.072529,-4030233.333,7722000000,0.007335766274,0.2496265714
972.936288,1399375.804,-2320206.93,-2431.211601,-1487.15305,2709541.075,2849.98492,-4030233.333,7722000000,0.007335766274,0.2370492
977.70924,1387754.229,-2327275.884,-2438.542026,-1474.929717,2709626.328,2849.895591,-4030233.333,7722000000,0.007335766274,0.240246
982.4281596,1376229.965,-2334207.375,-2445.728603,-1462.809493,2709710.868,2849.807013,-4030233.333,7722000000,0.007335766274,0.2341656
987.1475837,1364670.693,-2341082.322,-2452.855255,-1450.653211,2709795.664,2849.718169,-4030233.333,7722000000,0.007335766274,0.2401842857
991.934514,1352911.869,-2347996.916,-2460.021671,-1438.28785,2709881.924,2849.627794,-4030233.333,7722000000,0.007335766274,0.238788
996.6669544,1341253.32,-2354774.533,-2467.044794,-1426.028715,2709967.448,2849.538192,-4030233.333,7722000000,0.007335766274,0.2390541429
1001.399731,1329560.849,-2361494.529,-2474.006879,-1413.734686,2710053.221,2849.448333,-4030233.333,7722000000,0.007335766274,0.2336868
1006.207308,1317649.997,-2368261.079,-2481.015827,-1401.211842,2710140.597,2849.356798,-4030233.333,7722000000,0.007335766274,0.2432468572
1011.050182,1305617.785,-2375016.355,-2488.011696,-1388.562221,2710228.862,2849.264334,-4030233.333,7722000000,0.007335766274,0.2336206153
1015.731828,1293954.084,-2381488.423,-2494.712925,-1376.300808,2710314.424,2849.174704,-4030233.333,7722000000,0.007335766274,0.2343309231
1020.483513,1282083.957,-2387998.539,-2501.452189,-1363.823186,2710401.501,2849.083491,-4030233.333,7722000000,0.007335766274,0.243333
1025.326804,1269952.191,-2394573.065,-2508.256713,-1351.071362,2710490.496,2848.99027,-4030233.333,7722000000,0.007335766274,0.2384775
1030.08059,1258012.728,-2400965.954,-2514.871843,-1338.522487,2710578.082,2848.89853,-4030233.333,7722000000,0.007335766274,0.2370443684
1034.972795,1245692.941,-2407482.622,-2521.613599,-1325.574727,2710668.457,2848.803871,-4030233.333,7722000000,0.007335766274,0.24965415
1040.094425,1232760.248,-2414236.937,-2528.599615,-1311.983747,2710763.328,2848.704506,-4030233.333,7722000000,0.007335766274,0.2603664
1045.262338,1219674.611,-2420981.64,-2535.574026,-1298.233006,2710859.321,2848.60397,-4030233.333,7722000000,0.007335766274,0.25708185
1050.391679,1206651.192,-2427605.64,-2542.421959,-1284.548613,2710954.858,2848.503915,-4030233.333,7722000000,0.007335766274,0.2560571999
1055.666691,1193221.482,-2434344.449,-2549.386842,-1270.438318,2711053.375,2848.400742,-4030233.333,7722000000,0.007335766274,0.2688795
1060.881471,1179909.206,-2440933.055,-2556.194734,-1256.452421,2711151.031,2848.298476,-4030233.333,7722000000,0.007335766274,0.2553119999
1065.997139,1166815.639,-2447325.48,-2562.798217,-1242.697283,2711247.082,2848.197893,-4030233.333,7722000000,0.007335766274,0.2560977
1071.108013,1153700.802,-2453641.558,-2569.321136,-1228.920777,2711343.29,2848.09715,-4030233.333,7722000000,0.007335766274,0.2551743
1076.20591,1140586.241,-2459871.371,-2575.753267,-1215.145538,2711439.495,2847.996413,-4030233.333,7722000000,0.007335766274,0.25470855
1081.312814,1127415.821,-2466041.695,-2582.122261,-1201.31261,2711536.11,2847.89525,-4030233.333,7722000000,0.007335766274,0.25576965
1086.43642,1114169.833,-2472161.124,-2588.436983,-1187.401308,2711633.279,2847.793511,-4030233.333,7722000000,0.007335766274,0.2564540999
1091.951289,1099876.393,-2478668.114,-2595.149674,-1172.39106,2711738.133,2847.683731,-4030233.333,7722000000,0.007335766274,0.288603
1097.807135,1084658.958,-2485486.691,-2602.181559,-1156.411755,2711849.764,2847.566858,-4030233.333,7722000000,0.007335766274,0.2955852
1103.681612,1069352.027,-2492232.817,-2609.136384,-1140.339801,2711962.052,2847.449303,-4030233.333,7722000000,0.007335766274,0.2924829
1109.134548,1055107.176,-2498410.258,-2615.502811,-1125.384204,2712066.549,2847.339909,-4030233.333,7722000000,0.007335766274,0.25942275
1114.293065,1041599.697,-2504179.01,-2621.44615,-1111.203834,2712165.637,2847.236182,-4030233.333,7722000000,0.007335766274,0.2569279499
1119.520514,1027880.652,-2509950.143,-2627.390043,-1096.80242,2712266.277,2847.130834,-4030233.333,7722000000,0.007335766274,0.2643354
1124.733933,1014167.686,-2515630.727,-2633.238755,-1082.408455,2712366.872,2847.025536,-4030233.333,7722000000,0.007335766274,0.258228
1129.8809,1000599.801,-2521165.212,-2638.935146,-1068.167826,2712466.403,2846.921356,-4030233.333,7722000000,0.007335766274,0.2567619
1135.023719,987013.7629,-2526621.954,-2644.549618,-1053.909192,2712566.067,2846.817041,-4030233.333,7722000000,0.007335766274,0.2573937
1140.158957,973419.1419,-2531997.41,-2650.078538,-1039.642599,2712665.794,2846.712664,-4030233.333,7722000000,0.007335766274,0.2563407
1145.302927,959773.1397,-2537308.482,-2655.5393,-1025.323139,2712765.898,2846.607896,-4030233.333,7722000000,0.007335766274,0.25777035
1150.440984,946114.9814,-2542539.846,-2660.916151,-1010.991982,2712866.091,2846.503039,-4030233.333,7722000000,0.007335766274,0.2563245
1155.633327,932284.6559,-2547751.603,-2666.270845,-996.4812527,2712967.547,2846.396864,-4030233.333,7722000000,0.007335766274,0.26181225
1161.008471,917938.3559,-2553067.396,-2671.730282,-981.4303113,2713072.788,2846.286731,-4030233.333,7722000000,0.007335766274,0.27338715
1166.671148,902793.141,-2558579.95,-2677.389412,-965.5424822,2713183.889,2846.170471,-4030233.333,7722000000,0.007335766274,0.2896317
1174.215642,882565.6015,-2565784.478,-2684.781656,-944.3251563,2713332.274,2846.015204,-4030233.333,7722000000,0.007335766274,0.435620025
1183.081789,858724.2072,-2574046.21,-2693.252954,-919.3201198,2713507.169,2845.832208,-4030233.333,7722000000,0.007335766274,0.4484322
1191.854551,835061.0162,-2582002.391,-2701.404781,-894.5051713,2713680.756,2845.650592,-4030233.333,7722000000,0.007335766274,0.4321086749
1200.604908,811388.0191,-2589721.08,-2709.307034,-869.6831159,2713854.416,2845.468912,-4030233.333,7722000000,0.007335766274,0.4411239751
1209.555327,787103.2947,-2597391.221,-2717.152997,-844.2229413,2714032.563,2845.282549,-4030233.333,7722000000,0.007335766274,0.4517855999
1218.327724,763234.4734,-2604687.382,-2724.609793,-819.2020577,2714207.659,2845.09939,-4030233.333,7722000000,0.007335766274,0.4298427
1227.347908,738624.314,-2611960.449,-2732.036,-793.4074341,2714388.194,2844.910554,-4030233.333,7722000000,0.007335766274,0.465120225
1236.38153,713911.4646,-2619010.861,-2739.227583,-767.5086306,2714569.481,2844.720944,-4030233.333,7722000000,0.007335766274,0.4427217
1245.661919,688457.0754,-2626009.925,-2746.359001,-740.8363175,2714756.209,2844.525657,-4030233.333,7722000000,0.007335766274,0.4782179251
1254.19569,664993.1197,-2632227.197,-2752.686676,-716.2529247,2714928.335,2844.345652,-4030233.333,7722000000,0.007335766274,0.39233565
1261.987364,643523.2076,-2637720.41,-2758.271265,-693.7614397,2715085.833,2844.180955,-4030233.333,7722000000,0.007335766274,0.387749025
1269.773983,622024.4691,-2643034.819,-2763.668025,-671.2423712,2715243.543,2844.016047,-4030233.333,7722000000,0.007335766274,0.390385575
1277.532924,600561.0619,-2648155.767,-2768.862143,-648.7629202,2715400.993,2843.851419,-4030233.333,7722000000,0.007335766274,0.3863214
1285.442404,578640.4834,-2653196.387,-2773.968249,-625.8073468,2715561.798,2843.683294,-4030233.333,7722000000,0.007335766274,0.4015757249
1293.317184,556776.7009,-2658034.366,-2778.862323,-602.913959,2715722.185,2843.515615,-4030233.333,7722000000,0.007335766274,0.388514475
1301.062469,535235.5769,-2662616.79,-2783.491089,-580.3610686,2715880.206,2843.35042,-4030233.333,7722000000,0.007335766274,0.38643075
1308.876741,513466.9777,-2667062.874,-2787.975083,-557.5726848,2716039.895,2843.183491,-4030233.333,7722000000,0.007335766274,0.393568875
1316.736309,491537.593,-2671354.972,-2792.296379,-534.6186925,2716200.764,2843.015338,-4030233.333,7722000000,0.007335766274,0.392584725
1324.739854,469172.3611,-2675540.167,-2796.502136,-511.2112893,2716364.83,2842.843854,-4030233.333,7722000000,0.007335766274,0.40523895
1333.497307,444662.7902,-2679904.795,-2800.8787,-485.5628725,2716544.627,2842.65594,-4030233.333,7722000000,0.007335766274,0.4596284251
1341.898618,421114.8766,-2683880.683,-2804.855706,-460.9239945,2716717.369,2842.475411,-4030233.333,7722000000,0.007335766274,0.3936903749
1352.925387,390159.0753,-2688784.68,-2809.745889,-428.5387911,2716944.453,2842.238107,-4030233.333,7722000000,0.007335766274,0.6564371626
1365.34598,355228.452,-2693880.541,-2814.805526,-392.0017263,2717200.696,2841.970356,-4030233.333,7722000000,0.007335766274,0.5974246124
1377.691194,320450.4607,-2698495.439,-2819.362865,-355.6311583,2717455.819,2841.7038,-4030233.333,7722000000,0.007335766274,0.6304847625
1389.853976,286134.1958,-2702602.742,-2823.392587,-319.7501536,2717707.555,2841.440808,-4030233.333,7722000000,0.007335766274,0.5932419751
1401.739592,252555.226,-2706194.591,-2826.888748,-284.6464968,2717953.883,2841.183489,-4030233.333,7722000000,0.007335766274,0.59497335
1413.528725,219210.3398,-2709344.916,-2829.924887,-249.7938484,2718198.493,2840.927988,-4030233.333,7722000000,0.007335766274,0.5857788374
1425.252612,186017.0048,-2712070.157,-2832.517676,-215.1058333,2718441.992,2840.673671,-4030233.333,7722000000,0.007335766274,0.5864713876
1437.112276,152410.882,-2714413.046,-2834.707546,-179.9927729,2718688.518,2840.416214,-4030233.333,7722000000,0.007335766274,0.597324375
1448.986483,118740.1185,-2716341.499,-2836.463762,-144.818559,2718935.519,2840.158285,-4030233.333,7722000000,0.007335766274,0.5913010125
1460.880519,84994.82389,-2717854.38,-2837.785176,-109.5728974,2719183.067,2839.899809,-4030233.333,7722000000,0.007335766274,0.5969689874
1472.685289,51489.81403,-2718941.353,-2838.663529,-74.58455251,2719428.852,2839.643197,-4030233.333,7722000000,0.007335766274,0.5857515001
1484.768282,17187.07575,-2719626.181,-2839.115801,-38.76971372,2719680.489,2839.380499,-4030233.333,7722000000,0.007335766274,0.6164150625
1497.057217,-17703.09179,-2719878.823,-2839.112356,-2.348349241,2719936.435,2839.113328,-4030233.333,7722000000,0.007335766274,0.6131345624
1509.343418,-52582.58663,-2719684.032,-2838.641992,34.05502343,2720192.303,2838.846263,-4030233.333,7722000000,0.007335766274,0.61509375
1521.622439,-87433.0596,-2719042.58,-2837.705783,70.42126708,2720447.957,2838.579445,-4030233.333,7722000000,0.007335766274,0.6131892375
1533.745818,-121827.7298,-2717971.294,-2836.324687,106.3051826,2720700.269,2838.316142,-4030233.333,7722000000,0.007335766274,0.6014887875
1545.683959,-155677.847,-2716491.416,-2834.521663,141.6144688,2720948.585,2838.057032,-4030233.333,7722000000,0.007335766274,0.5938525126
1557.596876,-189432.3781,-2714594.654,-2832.28474,176.8176317,2721196.201,2837.798676,-4030233.333,7722000000,0.007335766274,0.5968414125
1569.950656,-224405.1059,-2712184.992,-2829.503846,213.2845153,2721452.752,2837.531021,-4030233.333,7722000000,0.007335766274,0.631587375
1582.097108,-258754.6158,-2709376.81,-2826.312503,249.0948627,2721704.732,2837.268161,-4030233.333,7722000000,0.007335766274,0.5911461
1593.93523,-292192.2832,-2706221.646,-2822.766765,283.9482198,2721950.023,2837.012302,-4030233.333,7722000000,0.007335766274,0.5924127374
1605.967302,-326132.1348,-2702592.314,-2818.723307,319.3185993,2722198.998,2836.752623,-4030233.333,7722000000,0.007335766274,0.60773085
1621.754526,-370585.7777,-2697185.403,-2812.747111,365.6361294,2722525.1,2836.412539,-4030233.333,7722000000,0.007335766274,0.9104481002
1639.597548,-420706.7132,-2690195.332,-2805.078724,417.8452686,2722892.775,2836.029146,-4030233.333,7722000000,0.007335766274,0.8799531187
1657.244342,-470133.441,-2682367.293,-2796.544002,469.317471,2723255.358,2835.651114,-4030233.333,7722000000,0.007335766274,0.8839307249
1675.228371,-520341.109,-2673456.756,-2786.877266,521.5889009,2723623.67,2835.267161,-4030233.333,7722000000,0.007335766274,0.9093819376
1693.381072,-570834.4316,-2663511.176,-2776.132199,574.143471,2723994.077,2834.881076,-4030233.333,7722000000,0.007335766274,0.9064704938
1711.221306,-620259.9124,-2652809.228,-2764.609762,625.5727671,2724356.651,2834.503206,-4030233.333,7722000000,0.007335766274,0.8823724875
1728.985541,-669262.1959,-2641243.277,-2752.193231,676.5481966,2724716.12,2834.128622,-4030233.333,7722000000,0.007335766274,0.8921046373
1746.760056,-718063.7386,-2628766.518,-2738.832514,727.3014362,2725074.117,2833.755621,-4030233.333,7722000000,0.007335766274,0.8864731127
1764.674702,-767001.2973,-2615280.989,-2724.423439,778.1827423,2725433.111,2833.381629,-4030233.333,7722000000,0.007335766274,0.9019051313
1783.176832,-817263.6665,-2600399.139,-2708.554101,830.4275274,2725801.824,2832.997564,-4030233.333,7722000000,0.007335766274,0.9405740249
1801.495745,-866730.0087,-2584715.275,-2691.859563,881.831091,2726164.698,2832.619632,-4030233.333,7722000000,0.007335766274,0.8995267688
1819.741175,-915685.113,-2568161.389,-2674.267182,932.689924,2726523.821,2832.245656,-4030233.333,7722000000,0.007335766274,0.9207680062
1838.206727,-964895.0619,-2550466.292,-2655.489409,983.8000112,2726884.814,2831.869783,-4030233.333,7722000000,0.007335766274,0.9249506438
1857.263097,-1015306.34,-2531219.23,-2635.092435,1036.143784,2727254.619,2831.484785,-4030233.333,7722000000,0.007335766274,0.9713970561
1876.711869,-1066344.66,-2510551.565,-2613.217884,1089.124178,2727629.024,2831.095051,-4030233.333,7722000000,0.007335766274,0.9731329877
1896.989733,-1119094.405,-2487910.554,-2589.28366,1143.865836,2728015.984,2830.692304,-4030233.333,7722000000,0.007335766274,1.041066675
1917.389687,-1171660.296,-2464018.55,-2564.055711,1198.401251,2728401.595,2830.291018,-4030233.333,7722000000,0.007335766274,1.005951656
1937.712931,-1223505.212,-2439115.772,-2537.788148,1252.173581,2728781.917,2829.895292,-4030233.333,7722000000,0.007335766274,1.02296925
1957.755036,-1274099.061,-2413492.908,-2510.787239,1304.633883,2729153.062,2829.509167,-4030233.333,7722000000,0.007335766274,0.98819595
1978.073688,-1324827.474,-2386449.234,-2482.314887,1357.219392,2729525.194,2829.122068,-4030233.333,7722000000,0.007335766274,1.034423663
1998.404094,-1374995.073,-2358326.842,-2452.732098,1409.209455,2729893.211,2828.739301,-4030233.333,7722000000,0.007335766274,1.004584781
2024.328191,-1438074.454,-2320944.95,-2413.44469,1474.560464,2730355.947,2828.258092,-4030233.333,7722000000,0.007335766274,1.490618194
2054.748513,-1510763.519,-2274939.403,-2365.143717,1549.839757,2730889.177,2827.703675,-4030233.333,7722000000,0.007335766274,1.541281416
2084.662327,-1580775.183,-2227489.819,-2315.37725,1622.318454,2731402.766,2827.169781,-4030233.333,7722000000,0.007335766274,1.465296834
2115.567999,-1651509.213,-2176215.349,-2261.650055,1695.517297,2731921.655,2826.630481,-4030233.333,7722000000,0.007335766274,1.598608153
2146.448494,-1720491.671,-2122750.459,-2205.677658,1766.876754,2732427.694,2826.104633,-4030233.333,7722000000,0.007335766274,1.507635788
2175.885241,-1784608.689,-2069759.293,-2150.24621,1833.179422,2732898.041,2825.615961,-4030233.333,7722000000,0.007335766274,1.447971694
2203.527882,-1843306.853,-2018243.118,-2096.396412,1893.858509,2733328.637,2825.168662,-4030233.333,7722000000,0.007335766274,1.338238969
2231.220469,-1900594.875,-1964973.819,-2040.750576,1953.061432,2733748.889,2824.732177,-4030233.333,7722000000,0.007335766274,1.415556253
2258.780933,-1956056.837,-1910353.184,-1983.728332,2010.35992,2734155.745,2824.309668,-4030233.333,7722000000,0.007335766274,1.353001219
2285.801838,-2008886.18,-1855290.627,-1926.277832,2064.922759,2734543.288,2823.907273,-4030233.333,7722000000,0.007335766274,1.349741222
2312.785344,-2060073.177,-1798854.986,-1867.426421,2117.774611,2734918.784,2823.517441,-4030233.333,7722000000,0.007335766274,1.348798078
2340.23542,-2110495.628,-1740003.54,-1806.087322,2169.822863,2735288.672,2823.133484,-4030233.333,7722000000,0.007335766274,1.3883076
2369.990785,-2163227.23,-1674624.848,-1737.979819,2224.239665,2735675.498,2822.731999,-4030233.333,7722000000,0.007335766274,1.554075366
2401.0253,-2216040.024,-1604745.126,-1665.220558,2278.72483,2736062.921,2822.329952,-4030233.333,7722000000,0.007335766273,1.550159269
2431.026866,-2264923.929,-1535617.901,-1593.279424,2329.142947,2736421.522,2821.957865,-4030233.333,7722000000,0.007335766273,1.466691047
2460.512984,-2310842.993,-1466237.039,-1521.106106,2376.491135,2736758.373,2821.608389,-4030233.333,7722000000,0.007335766273,1.479382481
2489.916352,-2354493.52,-1395693.173,-1447.752977,2421.48938,2737078.583,2821.276218,-4030233.333,7722000000,0.007335766273,1.464025641
2519.92489,-2396798.233,-1322367.7,-1371.536931,2465.090212,2737388.921,2820.954325,-4030233.333,7722000000,0.007335766273,1.524694387
2549.937774,-2436801.831,-1247758.646,-1294.014988,2506.310334,2737682.378,2820.649975,-4030233.333,7722000000,0.007335766273,1.484610778
2579.137669,-2473471.385,-1174017.483,-1217.420504,2544.087262,2737951.377,2820.371019,-4030233.333,7722000000,0.007335766273,1.443584025
2609.436367,-2509139.087,-1096372.028,-1136.795887,2580.824962,2738213.027,2820.09971,-4030233.333,7722000000,0.007335766273,1.56250215
2639.008926,-2541580.378,-1019550.444,-1057.049977,2614.233366,2738451.009,2819.852965,-4030233.333,7722000000,0.007335766273,1.422711844
2666.475814,-2569586.975,-947344.6978,-982.1147885,2643.070201,2738656.458,2819.639968,-4030233.333,7722000000,0.007335766273,1.340432803
2693.79426,-2595389.982,-874772.4535,-906.8162728,2669.634295,2738845.743,2819.443743,-4030233.333,7722000000,0.007335766273,1.382915278
2723.171876,-2620831.013,-795954.2334,-825.0546392,2695.822139,2739032.373,2819.250284,-4030233.333,7722000000,0.007335766273,1.526191116
2754.31522,-2645165.72,-711600.0253,-737.5683372,2720.867846,2739210.886,2819.06525,-4030233.333,7722000000,0.007335766273,1.577817984
2785.002084,-2666467.244,-627761.7522,-650.6334502,2742.789068,2739367.149,2818.90329,-4030233.333,7722000000,0.007335766273,1.505359941
2815.085663,-2684750.773,-544959.1855,-564.7864248,2761.602502,2739501.273,2818.764283,-4030233.333,7722000000,0.007335766273,1.503391641
2845.351556,-2700530.662,-461124.2957,-477.8811791,2777.838253,2739617.031,2818.644316,-4030233.333,7722000000,0.007335766273,1.519896656
2875.818133,-2713751.48,-376278.8716,-389.9387368,2791.439948,2739714.016,2818.543809,-4030233.333,7722000000,0.007335766273,1.525617028
2904.910838,-2723869.9,-294910.7976,-305.6085182,2801.849218,2739788.242,2818.466889,-4030233.333,7722000000,0.007335766273,1.407313997
2932.004815,-2731083.27,-218892.0758,-226.8278798,2809.269589,2739841.157,2818.412055,-4030233.333,7722000000,0.007335766273,1.319622131
2958.389877,-2736054.108,-144697.2786,-149.9411981,2814.382908,2739877.622,2818.374268,-4030233.333,7722000000,0.007335766273,1.319007038
2984.801264,-2738996.648,-70320.94104,-72.86884167,2817.409726,2739899.208,2818.3519,-4030233.333,7722000000,0.007335766273,1.321610934
3011.10948,-2739903.2,3816.906189,3.955192487,2818.342233,2739905.858,2818.345009,-4030233.333,7722000000,0.007335766273,1.311277359
3041.963977,-2738391.165,90758.79503,94.04736182,2816.786905,2739894.766,2818.356503,-4030233.333,7722000000,0.007335766273,1.697023153
3075.372999,-2733620.932,184792.2473,191.4904809,2811.880006,2739859.773,2818.392764,-4030233.333,7722000000,0.007335766273,1.652736403
3109.895587,-2725275.327,281727.6978,291.9461104,2803.294999,2739798.552,2818.456205,-4030233.333,7722000000,0.007335766273,1.775058047
3144.451225,-2713454.678,378397.5007,392.134589,2791.134606,2739711.838,2818.546065,-4030233.333,7722000000,0.007335766273,1.696264538
3178.631657,-2698364.367,473544.2401,490.7553009,2775.609457,2739601.139,2818.660785,-4030233.333,7722000000,0.007335766273,1.717526278
3212.452464,-2680124.59,567109.7513,587.7501753,2756.842414,2739467.337,2818.799454,-4030233.333,7722000000,0.007335766273,1.67338305
3245.933657,-2658848.051,659054.7783,683.0805349,2734.948507,2739311.257,2818.961219,-4030233.333,7722000000,0.007335766273,1.674510722
3279.250661,-2634520.445,749766.9615,777.1502492,2709.911944,2739132.795,2819.146192,-4030233.333,7722000000,0.007335766273,1.660076522
3312.475073,-2607153.992,839343.0705,870.0616602,2681.744077,2738932.041,2819.354285,-4030233.333,7722000000,0.007335766273,1.661983312
3345.699239,-2576717.219,927929.9925,961.9691388,2650.411126,2738708.764,2819.585743,-4030233.333,7722000000,0.007335766273,1.660691616
3378.986636,-2543178.464,1015589.204,1052.938534,2615.878943,2738462.732,2819.840811,-4030233.333,7722000000,0.007335766273,1.66682205
3412.253449,-2506655.111,1101994.077,1142.632828,2578.266696,2738194.805,2820.118603,-4030233.333,7722000000,0.007335766273,1.661019666
3445.468675,-2467233.131,1186965.808,1230.868097,2537.661146,2737905.615,2820.418473,-4030233.333,7722000000,0.007335766273,1.6605891
3478.879994,-2424645.29,1271027.83,1318.189735,2493.785044,2737593.2,2820.742459,-4030233.333,7722000000,0.007335766273,1.677217135
3512.329858,-2379111.269,1353668.11,1404.067727,2446.862562,2737259.173,2821.088899,-4030233.333,7722000000,0.007335766273,1.669343934
3545.589535,-2331014.916,1434233.533,1487.824527,2397.287179,2736906.35,2821.45488,-4030233.333,7722000000,0.007335766273,1.658743819
3578.947956,-2280006.264,1513333.972,1570.095264,2344.69597,2736532.162,2821.843073,-4030233.333,7722000000,0.007335766274,1.67403915
3612.241012,-2226391.403,1590483.31,1650.375475,2289.402189,2736138.856,2822.251157,-4030233.333,7722000000,0.007335766274,1.658395265
3645.647328,-2169939.705,1665998.658,1728.996159,2231.165553,2735724.739,2822.680896,-4030233.333,7722000000,0.007335766274,1.678262794
3679.105065,-2110802.375,1739634.95,1805.703248,2170.139457,2735290.922,2823.131149,-4030233.333,7722000000,0.007335766274,1.669302928
3711.918102,-2050345.715,1809826.758,1878.865454,2107.73188,2734847.426,2823.59152,-4030233.333,7722000000,0.007335766274,1.62155115
3744.631576,-1987717.261,1877726.767,1949.683144,2043.061079,2734387.998,2824.068507,-4030233.333,7722000000,0.007335766274,1.645088737
3777.413531,-1922669.685,1943607.388,2018.440611,1975.869254,2733910.824,2824.564003,-4030233.333,7722000000,0.007335766274,1.635103716
3810.064921,-1855677.638,2006998.267,2084.64691,1906.644339,2733419.386,2825.074402,-4030233.333,7722000000,0.007335766274,1.630880072
3842.704912,-1786586.514,2068071.477,2148.481353,1835.224306,2732912.55,2825.600888,-4030233.333,7722000000,0.007335766274,1.632745856
3875.449879,-1715219.181,2126963.304,2210.086365,1761.423518,2732389.016,2826.144821,-4030233.333,7722000000,0.007335766274,1.64025
3908.342961,-1641539.399,2183653.985,2269.441476,1685.201756,2731848.518,2826.706488,-4030233.333,7722000000,0.007335766274,1.647590119
3941.122783,-1566213.353,2237622.235,2326.000416,1607.245747,2731295.944,2827.280818,-4030233.333,7722000000,0.007335766274,1.633258434
3974.028576,-1488776.84,2289195.999,2380.106177,1527.072697,2730727.888,2827.871361,-4030233.333,7722000000,0.007335766274,1.653310491
4007.016546,-1409405.043,2338219.967,2431.595491,1444.86135,2730145.635,2828.47679,-4030233.333,7722000000,0.007335766274,1.646790497
4039.881743,-1328685.53,2384335.767,2480.090805,1361.218098,2729553.495,2829.09263,-4030233.333,7722000000,0.007335766274,1.6409061
4072.793851,-1246300.507,2427735.25,2525.792456,1275.811581,2728949.138,2829.721315,-4030233.333,7722000000,0.007335766274,1.648738294
4105.912057,-1161929.87,2468543.04,2568.831097,1188.307411,2728330.215,2830.365296,-4030233.333,7722000000,0.007335766274,1.660691616
4139.002871,-1076255.076,2506398.155,2608.825091,1099.410012,2727701.725,2831.01938,-4030233.333,7722000000,0.007335766274,1.650440053
4171.843136,-989970.179,2541035.824,2645.492159,1009.838147,2727068.759,2831.678274,-4030233.333,7722000000,0.007335766274,1.636395413
4206.375975,-897995.2671,2574262.813,2680.748282,914.3137149,2726394.052,2832.380786,-4030233.333,7722000000,0.007335766274,1.786806337
4243.199096,-798647.1677,2606034.113,2714.559446,811.0784167,2725665.258,2833.13981,-4030233.333,7722000000,0.007335766274,1.877389144
4280.176072,-697704.5131,2634088.722,2744.527973,706.129615,2724924.766,2833.911225,-4030233.333,7722000000,0.007335766274,1.829821894
4317.099001,-595878.0426,2658208.795,2770.418773,600.2041148,2724177.791,2834.689605,-4030233.333,7722000000,0.007335766274,1.857029541
4352.879989,-496358.9427,2677834.088,2791.620625,496.622723,2723447.742,2835.450554,-4030233.333,7722000000,0.007335766274,1.743729272
4387.834291,-398472.2136,2693413.585,2808.602652,394.6861465,2722729.668,2836.199219,-4030233.333,7722000000,0.007335766274,1.750372284
4422.421504,-301092.5931,2705311.557,2821.749797,293.224294,2722015.314,2836.944202,-4030233.333,7722000000,0.007335766274,1.715352947
4456.961069,-203456.3931,2713682.768,2831.226283,191.4416269,2721299.077,2837.691344,-4030233.333,7722000000,0.007335766274,1.7347284
4491.364328,-105942.8816,2718520.185,2837.018989,89.73336788,2720583.741,2838.437743,-4030233.333,7722000000,0.007335766274,1.7104527
4525.40214,-9330.441769,2719859.011,2839.155788,-11.08781798,2719875.015,2839.177439,-4030233.333,7722000000,0.007335766274,1.696182525
4558.784016,85432.38392,2717837.45,2837.770849,-110.029871,2719179.857,2839.903161,-4030233.333,7722000000,0.007335766274,1.651034644
4592.738421,181713.2986,2712393.553,2832.822535,-210.6087884,2718473.563,2840.640699,-4030233.333,7722000000,0.007335766274,1.728844003
4627.197695,279191.4611,2703379.98,2824.151638,-312.4916552,2717758.486,2841.387603,-4030233.333,7722000000,0.007335766274,1.719043509
4662.611677,378991.8356,2690464.18,2811.416176,-416.8572263,2717026.373,2842.152505,-4030233.333,7722000000,0.007335766274,1.805136131
4697.877872,477859.6691,2673937.511,2794.892594,-520.3030712,2716301.102,2842.910462,-4030233.333,7722000000,0.007335766274,1.735425506
4733.323511,576575.2856,2653661.451,2774.439004,-623.6447795,2715576.947,2843.667455,-4030233.333,7722000000,0.007335766274,1.796852868
4770.234876,678528.0731,2628668.18,2749.065325,-730.433234,2714829.046,2844.449485,-4030233.333,7722000000,0.007335766274,1.878045244
4806.178577,776836.0005,2600559.059,2720.391404,-833.459686,2714107.882,2845.203761,-4030233.333,7722000000,0.007335766274,1.743278203
4840.47112,869604.1242,2570306.73,2689.419399,-930.73066,2713427.356,2845.915716,-4030233.333,7722000000,0.007335766274,1.695526425
4874.492611,960530.4417,2537015.953,2655.238577,-1026.117788,2712760.342,2846.61371,-4030233.333,7722000000,0.007335766274,1.704773334
4908.371073,1049861.49,2500660.822,2617.821708,-1119.877075,2712105.03,2847.299626,-4030233.333,7722000000,0.007335766274,1.686689578
4942.316456,1138040.842,2461070.587,2576.99123,-1212.472022,2711458.167,2847.976861,-4030233.333,7722000000,0.007335766274,1.704322266
4975.831849,1223688.876,2418922.102,2533.444524,-1302.451201,2710829.873,2848.634811,-4030233.333,7722000000,0.007335766274,1.656734513
5008.85779,1306606.975,2374464.016,2487.439739,-1389.602139,2710221.606,2849.271935,-4030233.333,7722000000,0.007335766274,1.647672131
5041.811725,1387780.129,2327260.218,2438.525782,-1474.956957,2709626.138,2849.89579,-4030233.333,7722000000,0.007335766274,1.647713138
5074.709891,1467159.494,2277358.446,2386.751143,-1558.461868,2709043.83,2850.505993,-4030233.333,7722000000,0.007335766274,1.643038425
5107.284026,1544032.232,2225270.295,2332.646512,-1639.364098,2708479.909,2851.097052,-4030233.333,7722000000,0.007335766274,1.619152284
5139.926887,1619253.755,2170458.91,2275.653934,-1718.561179,2707928.102,2851.675534,-4030233.333,7722000000,0.007335766274,1.640803584
5172.511684,1692441.759,2113198.539,2216.05771,-1795.648251,2707391.212,2852.238492,-4030233.333,7722000000,0.007335766274,1.621530647
5205.104928,1763662.907,2053443.834,2153.810099,-1870.693043,2706868.75,2852.786429,-4030233.333,7722000000,0.007335766274,1.635083213
5237.956675,1833353.148,1990775.541,2088.473203,-1944.152785,2706357.519,2853.32269,-4030233.333,7722000000,0.007335766274,1.647590119
5271.046504,1901336.201,1925251.297,2020.105596,-2015.839745,2705858.811,2853.845913,-4030233.333,7722000000,0.007335766274,1.659092372
5304.293305,1967321.584,1857067.14,1948.910749,-2085.445472,2705374.758,2854.353854,-4030233.333,7722000000,0.007335766274,1.664505197
5337.540107,2030899.443,1786610.399,1875.29277,-2152.535149,2704908.365,2854.843348,-4030233.333,7722000000,0.007335766274,1.660896647
5370.416786,2091324.554,1714786.602,1800.198846,-2216.319379,2704465.101,2855.308648,-4030233.333,7722000000,0.007335766274,1.632458812
5403.967935,2150406.039,1639372.216,1721.303976,-2278.705508,2704031.693,2855.763676,-4030233.333,7722000000,0.007335766274,1.707623269
5437.837458,2207325.639,1561167.18,1639.443604,-2338.827747,2703614.144,2856.202122,-4030233.333,7722000000,0.007335766274,1.684044675
5471.816795,2261607.203,1480712.436,1555.183937,-2396.180821,2703215.947,2856.620312,-4030233.333,7722000000,0.007335766274,1.708914966
5505.831971,2313043.533,1398272.589,1468.802851,-2450.543258,2702838.622,2857.016639,-4030233.333,7722000000,0.007335766274,1.695321393
5539.755376,2361381.88,1314266.151,1380.74019,-2501.64531,2702484.023,2857.389146,-4030233.333,7722000000,0.007335766274,1.696736109
5573.702892,2406733.133,1228518.407,1290.814331,-2549.601678,2702151.337,2857.738678,-4030233.333,7722000000,0.007335766274,1.697802272
5607.711343,2449075.759,1141039.531,1199.037392,-2594.387255,2701840.722,2858.065062,-4030233.333,7722000000,0.007335766274,1.702169438
5641.641555,2488183.603,1052300.093,1105.904846,-2635.760569,2701553.836,2858.366545,-4030233.333,7722000000,0.007335766274,1.692738
5675.757606,2524294.492,961716.8128,1010.806318,-2673.97112,2701288.935,2858.644953,-4030233.333,7722000000,0.007335766274,1.714512319
5709.391671,2556696.812,871194.1263,915.7436057,-2708.263849,2701051.239,2858.894792,-4030233.333,7722000000,0.007335766274,1.659830484
5742.368077,2585342.084,781376.3332,821.3967826,-2738.585364,2700841.104,2859.11568,-4030233.333,7722000000,0.007335766274,1.641480188
5775.117965,2610694.549,691239.5163,726.6933879,-2765.425322,2700655.124,2859.311192,-4030233.333,7722000000,0.007335766274,1.634837175
5807.795763,2632885.163,600478.6329,631.3154062,-2788.920949,2700492.339,2859.482331,-4030233.333,7722000000,0.007335766274,1.633258434
5840.464622,2651941.411,509029.1045,535.197315,-2809.100141,2700352.547,2859.629306,-4030233.333,7722000000,0.007335766274,1.633565981
5873.082306,2667824.219,417119.3773,438.5816083,-2825.920485,2700236.034,2859.75181,-4030233.333,7722000000,0.007335766274,1.6290963
5905.598786,2680512.101,325002.8791,341.737178,-2839.358356,2700142.959,2859.849676,-4030233.333,7722000000,0.007335766274,1.623642469
5938.11912,2690044.885,232492.74,244.4700516,-2849.455238,2700073.028,2859.923208,-4030233.333,7722000000,0.007335766274,1.627599572
5970.780599,2696430.113,139305.6433,146.4847832,-2856.218601,2700026.188,2859.972462,-4030233.333,7722000000,0.007335766274,1.636723462
6003.518266,2699615.441,45735.17009,48.09255602,-2859.592652,2700002.821,2859.997034,-4030233.333,7722000000,0.007335766274,1.636990003
6021.553697,2699993.722,-5843.984817,-6.145215062,-2859.99335,2700000.046,2859.999952,-4030233.333,7722000000,0.007335766274,1.646503453
6054.486165,2698160.713,-100008.1324,-105.1625629,-2858.051728,2700013.493,2859.985812,-4030233.333,7722000000,0.007335766274,1.647303075
6087.381604,2693076.175,-193945.8514,-203.9390253,-2852.666012,2700050.792,2859.946591,-4030233.333,7722000000,0.007335766274,1.630429003
6119.999841,2684829.869,-286861.5102,-301.63546,-2843.93156,2700111.285,2859.882982,-4030233.333,7722000000,0.007335766274,1.633647994
6152.782964,2673336.687,-379904.2137,-399.4575784,-2831.758685,2700195.596,2859.79433,-4030233.333,7722000000,0.007335766274,1.670369091
6186.082212,2658387.472,-473945.7212,-498.3190884,-2815.926527,2700305.26,2859.679024,-4030233.333,7722000000,0.007335766274,1.634324597
6218.783897,2640512.315,-565730.8538,-594.7955251,-2796.997302,2700436.388,2859.541156,-4030233.333,7722000000,0.007335766274,1.639388869
6251.528803,2619463.876,-656962.4329,-690.674675,-2774.710028,2700590.794,2859.378822,-4030233.333,7722000000,0.007335766274,1.62509819
6284.152739,2595384.376,-747077.4293,-785.3625826,-2749.21642,2700767.436,2859.193122,-4030233.333,7722000000,0.007335766274,1.665755888
6317.477145,2567614.484,-838212.9876,-881.1020656,-2719.819837,2700971.149,2858.978977,-4030233.333,7722000000,0.007335766274,1.668851859
6350.780187,2536693.161,-928255.5351,-975.6699071,-2687.092437,2701197.981,2858.74055,-4030233.333,7722000000,0.007335766274,1.6441866
6383.610159,2503147.974,-1015898.732,-1067.692564,-2651.594132,2701444.06,2858.481914,-4030233.333,7722000000,0.007335766274,1.626266869
6416.249228,2466823.91,-1101825.557,-1157.886008,-2613.162446,2701710.525,2858.201879,-4030233.333,7722000000,0.007335766274,1.664177147
6449.525697,2426783.368,-1188086.474,-1248.400122,-2570.807425,2702004.253,2857.893224,-4030233.333,7722000000,0.007335766274,1.661819288
6482.940829,2383571.125,-1273235.572,-1337.714906,-2525.107698,2702321.248,2857.560158,-4030233.333,7722000000,0.007335766274,1.721401369
6517.266689,2336103.196,-1359059.997,-1427.701692,-2474.919666,2702669.462,2857.194336,-4030233.333,7722000000,0.007335766274,1.687345678
6551.740029,2285355.154,-1443463.354,-1516.159146,-2421.277859,2703041.738,2856.803288,-4030233.333,7722000000,0.007335766274,1.929487584
6589.637984,2226089.741,-1534050.072,-1611.048876,-2358.651702,2703476.495,2856.346676,-4030233.333,7722000000,0.007335766274,1.698888938
6623.729309,2169743.784,-1613453.487,-1694.178772,-2299.129229,2703889.836,2855.912625,-4030233.333,7722000000,0.007335766274,1.736737706
6658.354269,2109653.814,-1691970.746,-1776.334864,-2235.671722,2704330.642,2855.449807,-4030233.333,7722000000,0.007335766274,1.700139628
6692.372009,2047887.087,-1766922.07,-1854.712616,-2170.465049,2704783.748,2854.974153,-4030233.333,7722000000,0.007335766274,1.705121888
6726.628896,1983033.185,-1840110.963,-1931.198257,-2102.022774,2705259.501,2854.474812,-4030233.333,7722000000,0.007335766274,1.756605235
6761.60938,1914151.059,-1912377.813,-2006.66757,-2029.355752,2705764.804,2853.944552,-4030233.333,7722000000,0.007335766274,1.706065031
6795.730312,1844463.538,-1980374.745,-2077.624555,-1955.866694,2706276.016,2853.408193,-4030233.333,7722000000,0.007335766274,1.705942013
6830.878819,1770194.9,-2047752.192,-2147.878288,-1877.577169,2706820.833,2852.836687,-4030233.333,7722000000,0.007335766274,2.049164325
6870.678358,1683186.008,-2120664.918,-2223.83174,-1785.897715,2707459.11,2852.167291,-4030233.333,7722000000,0.007335766274,1.654581685
6903.711311,1608726.88,-2178368.808,-2283.882068,-1707.476002,2708005.325,2851.594571,-4030233.333,7722000000,0.007335766274,1.635021703
6937.001313,1531728.114,-2233866.905,-2341.579902,-1626.412762,2708570.17,2851.002439,-4030233.333,7722000000,0.007335766274,1.831544156
6973.903883,1444189.131,-2292193.105,-2402.148968,-1534.293986,2709212.335,2850.329402,-4030233.333,7722000000,0.007335766274,1.922106459
7012.169911,1351127.831,-2349039.07,-2461.101662,-1436.411858,2709895.011,2849.614083,-4030233.333,7722000000,0.007335766274,1.863406013
7049.500894,1258239.162,-2400845.423,-2514.747135,-1338.760471,2710576.421,2848.90027,-4030233.333,7722000000,0.007335766274,1.884360206
7087.203537,1162467.153,-2449429.288,-2564.97111,-1238.129299,2711278.982,2848.164489,-4030233.333,7722000000,0.007335766274,1.889506491
7125.063664,1064466.429,-2494362.401,-2611.331351,-1135.210306,2711997.892,2847.411784,-4030233.333,7722000000,0.007335766274,1.912839047
7163.235378,963961.9837,-2535687.164,-2653.872494,-1029.718599,2712735.169,2846.640056,-4030233.333,7722000000,0.007335766274,1.884483225
7200.452958,864483.3861,-2572073.162,-2691.230433,-925.3600954,2713464.921,2845.876412,-4030233.333,7722000000,0.007335766274,1.72712174
7234.780971,771559.945,-2602169.66,-2722.037403,-827.9290032,2714146.586,2845.163275,-4030233.333,7722000000,0.007335766274,1.655647847
7267.837954,681133.4595,-2627974.54,-2748.359264,-733.1629661,2714809.933,2844.469472,-4030233.333,7722000000,0.007335766274,1.636990003
7300.554319,590835.4142,-2650415.729,-2771.152307,-638.577734,2715472.338,2843.776825,-4030233.333,7722000000,0.007335766274,1.629178312
7333.327519,499686.3756,-2669781.898,-2790.713504,-543.1478936,2716140.986,2843.077821,-4030233.333,7722000000,0.007335766274,1.692389447
7367.031314,405337.8041,-2686425.764,-2807.395906,-444.4177301,2716833.106,2842.354463,-4030233.333,7722000000,0.007335766274,1.644391631
7399.898849,312844.4992,-2699443.961,-2820.295965,-347.6778097,2717511.615,2841.645507,-4030233.333,7722000000,0.007335766274,1.6376256
7432.64564,220323.6935,-2709246.411,-2829.830501,-250.9574435,2718190.326,2840.936518,-4030233.333,7722000000,0.007335766274,1.635718809
7465.414452,127482.5312,-2715881.04,-2836.049834,-153.9507193,2718871.387,2840.225253,-4030233.333,7722000000,0.007335766274,1.653864075
7498.430163,33791.11392,-2719348.746,-2838.953321,-56.10484759,2719558.685,2839.507654,-4030233.333,7722000000,0.007335766274,1.633340447
7531.121207,-59018.89684,-2719599.199,-2838.50418,40.77178624,2720239.518,2838.796984,-4030233.333,7722000000,0.007335766274,1.641418678
7564.007276,-152313.0756,-2716657.433,-2834.720609,138.1049415,2720923.902,2838.082787,-4030233.333,7722000000,0.007335766274,1.660650609
7597.286472,-246539.5919,-2710425.635,-2827.499685,236.3611104,2721615.126,2837.361634,-4030233.333,7722000000,0.007335766274,1.682711972
7631.117859,-342024.606,-2700744.581,-2816.675547,335.8786969,2722315.582,2836.631036,-4030233.333,7722000000,0.007335766274,1.741760972
7665.78891,-439437.1467,-2687338.523,-2801.958525,437.3524549,2723030.177,2835.885884,-4030233.333,7722000000,0.007335766274,1.687038131
7699.789549,-534409.8992,-2670785.306,-2783.986988,536.2334463,2723726.875,2835.159582,-4030233.333,7722000000,0.007335766274,1.773663834
7735.097673,-632323.813,-2650050.559,-2761.645122,638.1236858,2724445.149,2834.410982,-4030233.333,7722000000,0.007335766274,1.718612944
7769.378591,-726572.7811,-2626492.174,-2736.400263,736.1494115,2725136.537,2833.690589,-4030233.333,7722000000,0.007335766274,1.688165803
7803.08415,-818338.8226,-2600069.259,-2708.202665,831.5449347,2725809.711,2832.989349,-4030233.333,7722000000,0.007335766274,1.668913369
7836.580269,-908537.9516,-2570642.923,-2676.902719,925.2656645,2726471.391,2832.300251,-4030233.333,7722000000,0.007335766274,1.708197356
7870.619229,-999068.7525,-2537544.026,-2641.792163,1019.285286,2727135.504,2831.608788,-4030233.333,7722000000,0.007335766274,1.666535006
7903.997291,-1086627.594,-2502001.655,-2604.176279,1110.174865,2727777.815,2830.940183,-4030233.333,7722000000,0.007335766274,1.682322412
7937.606465,-1173471.318,-2463171.294,-2563.161577,1200.279853,2728414.88,2830.277194,-4030233.333,7722000000,0.007335766274,1.669897519
7971.037507,-1258435.656,-2421567.462,-2519.293366,1288.394166,2729038.159,2829.628702,-4030233.333,7722000000,0.007335766274,1.6809282
8004.556057,-1342099.374,-2376924.22,-2472.292483,1375.120319,2729651.896,2828.990282,-4030233.333,7722000000,0.007335766274,1.647590119
8037.622451,-1423042.458,-2330062.577,-2423.023553,1458.989142,2730245.676,2828.372758,-4030233.333,7722000000,0.007335766274,1.68578744
8071.433478,-1504074.61,-2279308.506,-2369.72864,1542.913721,2730840.109,2827.754688,-4030233.333,7722000000,0.007335766274,1.717546781
8105.724135,-1584365.359,-2224969.967,-2312.735675,1626.034404,2731429.103,2827.142406,-4030233.333,7722000000,0.007335766274,1.697453719
8139.723893,-1661996.619,-2168313.52,-2253.374556,1706.367781,2731998.588,2826.55053,-4030233.333,7722000000,0.007335766274,1.714348294
8174.052501,-1738282.915,-2108375.407,-2190.636397,1785.276763,2732558.206,2825.969027,-4030233.333,7722000000,0.007335766274,1.728228909
8208.619908,-1812875.752,-2045323.115,-2124.698567,1862.402817,2733105.402,2825.400548,-4030233.333,7722000000,0.007335766274,1.729172053
8243.244376,-1885259.921,-1979536.049,-2055.958983,1937.215679,2733636.395,2824.849009,-4030233.333,7722000000,0.007335766273,1.742847638
8278.008634,-1955496.066,-1910921.316,-1984.321271,2009.780666,2734151.631,2824.31394,-4030233.333,7722000000,0.007335766273,1.711949428
8312.251867,-2022201.965,-1840912.939,-1911.28175,2078.673035,2734640.97,2823.805857,-4030233.333,7722000000,0.007335766273,1.713364144
8346.536926,-2086442.807,-1768500.863,-1835.785369,2144.996248,2735112.226,2823.316635,-4030233.333,7722000000,0.007335766273,1.719289547
8380.924193,-2148235.676,-1693635.798,-1757.78066,2208.770575,2735565.524,2822.846135,-4030233.333,7722000000,0.007335766273,1.719781622
8415.288579,-2207269.893,-1616678.038,-1677.642613,2269.678053,2735998.585,2822.396712,-4030233.333,7722000000,0.007335766273,1.709366034
8449.525414,-2263310.616,-1537973.676,-1595.730559,2327.479211,2736409.687,2821.970144,-4030233.333,7722000000,0.007335766273,1.72587105
8483.933595,-2316772.011,-1456932.362,-1511.429211,2382.603831,2736801.867,2821.563268,-4030233.333,7722000000,0.007335766273,1.6894575
8518.613278,-2367686.999,-1373385.331,-1424.562672,2435.088137,2737175.367,2821.175826,-4030233.333,7722000000,0.007335766273,1.986301744
8557.38235,-2420999.417,-1277901.372,-1325.33127,2490.028419,2737566.455,2820.770197,-4030233.333,7722000000,0.007335766273,1.667314125
8591.037471,-2464129.733,-1193342.847,-1237.491294,2534.464209,2737882.849,2820.442081,-4030233.333,7722000000,0.007335766273,1.770260316
8626.37354,-2506205.05,-1103009.046,-1143.686605,2577.803172,2738191.503,2820.122027,-4030233.333,7722000000,0.007335766273,1.747214803
8661.315438,-2544525.456,-1012236.364,-1049.458602,2617.265952,2738472.613,2819.830566,-4030233.333,7722000000,0.007335766273,1.746415181
8696.22658,-2579500.256,-920226.0327,-953.9754641,2653.276319,2738729.18,2819.564578,-4030233.333,7722000000,0.007335766273,1.740694809
8730.821872,-2610849.152,-827867.0917,-858.1571862,2685.547689,2738959.148,2819.326187,-4030233.333,7722000000,0.007335766273,1.667826703
8764.173608,-2637915.428,-737825.9291,-764.7661482,2713.40606,2739157.7,2819.120378,-4030233.333,7722000000,0.007335766273,1.666227459
8797.791004,-2662029.856,-646181.9281,-669.7327001,2738.222795,2739334.598,2818.937027,-4030233.333,7722000000,0.007335766273,1.763842838
8833.102244,-2683903.922,-549083.7139,-569.0623064,2760.731148,2739495.061,2818.770721,-4030233.333,7722000000,0.007335766273,1.775304084
8868.437145,-2702220.798,-451189.7222,-467.5834751,2779.577134,2739629.429,2818.631467,-4030233.333,7722000000,0.007335766273,1.718243888
8903.047384,-2716675.16,-354720.2848,-367.5946417,2794.447726,2739735.463,2818.521583,-4030233.333,7722000000,0.007335766273,1.800030853
8938.842191,-2727974.991,-254474.1078,-263.7021122,2806.072147,2739818.356,2818.435683,-4030233.333,7722000000,0.007335766273,1.731427397
8973.33062,-2735338.49,-157556.2257,-163.2664743,2813.646786,2739872.373,2818.379708,-4030233.333,7722000000,0.007335766273,1.684721278
9006.984696,-2739181.002,-62789.5,-65.06448588,2817.599359,2739900.561,2818.350499,-4030233.333,7722000000,0.007335766273,1.671271228
9030.382493,-2739904.056,3148.025911,3.262078706,2818.343114,2739905.865,2818.345002,-4030233.333,7722000000,0.007335766273,1.671271228
9064.854971,-2738056.545,100280.7946,103.9144759,2816.442702,2739892.312,2818.359046,-4030233.333,7722000000,0.007335766273,1.732862616
9098.506647,-2732907.978,194979.229,202.0470996,2811.146615,2739854.543,2818.398184,-4030233.333,7722000000,0.007335766273,1.6737111
9132.390419,-2724391.08,290092.7501,300.6152793,2802.385364,2739792.065,2818.462927,-4030233.333,7722000000,0.007335766273,1.697802272
9167.527363,-2712038.019,388347.5234,402.4473572,2789.677178,2739701.446,2818.556835,-4030233.333,7722000000,0.007335766273,1.767266859
9202.206964,-2696345.7,484822.7842,502.4464818,2773.532525,2739586.331,2818.676132,-4030233.333,7722000000,0.007335766273,1.728105891
9237.442137,-2676861.225,582206.2408,603.4013868,2753.48452,2739443.397,2818.824265,-4030233.333,7722000000,0.007335766273,1.767697425
9272.518638,-2653944.578,678385.7823,703.1254812,2729.902399,2739275.286,2818.998501,-4030233.333,7722000000,0.007335766273,1.751376937
9306.409196,-2628494.512,770469.2772,798.6215514,2703.709899,2739088.59,2819.192012,-4030233.333,7722000000,0.007335766273,1.684495744
9340.165685,-2599943.659,861250.2285,892.7878257,2674.321906,2738879.148,2819.409115,-4030233.333,7722000000,0.007335766273,1.688411841
9375.29293,-2566877.715,954604.177,989.647892,2640.280816,2738636.584,2819.660572,-4030233.333,7722000000,0.007335766273,1.768353525
9409.844735,-2531055.436,1045203.066,1083.676669,2603.395299,2738373.8,2819.933014,-4030233.333,7722000000,0.007335766273,1.720396716
9444.238727,-2492192.94,1134065.322,1175.93234,2563.371322,2738088.714,2820.228609,-4030233.333,7722000000,0.007335766273,1.71957659
9478.511402,-2450335.768,1221189.191,1266.414635,2520.253844,2737781.659,2820.547015,-4030233.333,7722000000,0.007335766273,1.712585025
9513.643896,-2404237.606,1308907.337,1357.549011,2472.756488,2737443.494,2820.897723,-4030233.333,7722000000,0.007335766273,1.764396422
9546.858979,-2357737.893,1390252.31,1442.096629,2424.833502,2737102.383,2821.251531,-4030233.333,7722000000,0.007335766273,1.642464338
9580.463581,-2307863.17,1470882.162,1525.937245,2373.418926,2736736.514,2821.631066,-4030233.333,7722000000,0.007335766273,1.686894609
9615.227613,-2253335.177,1552423.289,1610.765886,2317.191679,2736336.509,2822.04607,-4030233.333,7722000000,0.007335766273,1.747255809
9650.207933,-2195527.086,1632445.316,1694.057809,2257.564162,2735912.442,2822.486104,-4030233.333,7722000000,0.007335766273,1.749326625
9683.447518,-2137929.862,1706505.5,1771.18674,2198.135762,2735489.923,2822.9246,-4030233.333,7722000000,0.007335766273,1.646564962
9717.131343,-2076982.484,1779495.16,1847.244827,2135.230704,2735042.827,2823.388674,-4030233.333,7722000000,0.007335766273,1.69083121
9751.87477,-2011473.305,1852513.41,1923.381004,2067.594378,2734562.267,2823.887568,-4030233.333,7722000000,0.007335766273,1.745349019
9785.955331,-1944684.48,1921810.012,1995.6861,1998.612377,2734072.32,2824.396297,-4030233.333,7722000000,0.007335766273,1.696736109
9819.319472,-1876952.187,1987331.185,2064.101078,1928.630673,2733575.451,2824.912305,-4030233.333,7722000000,0.007335766273,1.663172494
9853.519484,-1805196.417,2052029.021,2131.708656,1854.464114,2733049.068,2825.459068,-4030233.333,7722000000,0.007335766273,1.718264391
9887.346257,-1731993.099,2113485.768,2195.983226,1778.771928,2732512.065,2826.016968,-4030233.333,7722000000,0.007335766274,1.686587062
9922.013863,-1654761.492,2173773.375,2259.092485,1698.882236,2731945.512,2826.605687,-4030233.333,7722000000,0.007335766274,1.741637953
9957.74345,-1572927.697,2232967.769,2321.120257,1614.195798,2731345.199,2827.22962,-4030233.333,7722000000,0.007335766274,1.794392494
9993.135308,-1489737.347,2288579.454,2379.459008,1528.067353,2730734.934,2827.864036,-4030233.333,7722000000,0.007335766274,1.765216547
10027.20053,-1407766.671,2339192.716,2432.617795,1443.163995,2730133.616,2828.489288,-4030233.333,7722000000,0.007335766274,1.692327938
10062.11854,-1321918.353,2388037.51,2483.986387,1354.204159,2729503.853,2829.144266,-4030233.333,7722000000,0.007335766274,1.755354544
10096.96596,-1234511.286,2433654.305,2532.030826,1263.586893,2728862.655,2829.811291,-4030233.333,7722000000,0.007335766274,1.740079716
10131.48105,-1146343.313,2475693.614,2576.380145,1172.137623,2728215.876,2830.48428,-4030233.333,7722000000,0.007335766274,1.723226147
10167.13902,-1053708.917,2515780.586,2618.749734,1076.008983,2727536.331,2831.191534,-4030233.333,7722000000,0.007335766274,1.793428847
10202.36765,-960768.0017,2551991.481,2657.106904,979.5141131,2726854.538,2831.901304,-4030233.333,7722000000,0.007335766274,1.75578511
10236.54261,-869373.8675,2583847.671,2690.93685,884.5781043,2726184.092,2832.599434,-4030233.333,7722000000,0.007335766274,1.700447175
10270.63137,-777115.7313,2612370.806,2721.317721,788.6972393,2725507.308,2833.304338,-4030233.333,7722000000,0.007335766274,1.705142391
10304.69344,-683953.1924,2637588.531,2748.27626,691.8281262,2724823.89,2834.01633,-4030233.333,7722000000,0.007335766274,1.702743525
10340.32551,-585578.277,2660419.34,2772.799537,589.4864965,2724102.234,2834.76835,-4030233.333,7722000000,0.007335766274,1.795520166
10375.3586,-488070.2961,2679295.393,2793.206384,487.9932351,2723386.939,2835.51394,-4030233.333,7722000000,0.007335766274,1.7439138
10409.61297,-392100.2534,2694301.338,2809.576606,388.0486965,2722682.925,2836.247961,-4030233.333,7722000000,0.007335766274,1.707213206
10444.82102,-292938.7246,2706146.456,2822.682658,284.7261924,2721955.499,2837.00659,-4030233.333,7722000000,0.007335766274,1.769788744
10479.81317,-193993.9091,2714306.033,2831.948782,181.574437,2721229.663,2837.763764,-4030233.333,7722000000,0.007335766274,1.746046125
10514.50753,-95635.65426,2718826.641,2837.417662,78.97962801,2720508.13,2838.516649,-4030233.333,7722000000,0.007335766274,1.732719094
10550.6342,6914.475975,2719747.057,2839.163319,-28.04557653,2719755.846,2839.301834,-4030233.333,7722000000,0.007335766274,1.819324294
10585.12979,104827.418,2717016.115,2837.061716,-130.2865012,2719037.58,2840.051717,-4030233.333,7722000000,0.007335766274,1.708094841
10619.17457,201327.9469,2710863.935,2831.374867,-231.1054476,2718329.674,2840.790976,-4030233.333,7722000000,0.007335766274,1.701205791
10654.87941,302258.1867,2700727.948,2821.556803,-336.6085321,2717589.274,2841.564375,-4030233.333,7722000000,0.007335766274,1.800071859
10689.73236,400375.453,2687206.62,2808.174298,-439.2263175,2716869.508,2842.316422,-4030233.333,7722000000,0.007335766274,1.732514062
10724.97832,499057.9189,2669904.136,2790.836542,-542.4900846,2716145.597,2843.073002,-4030233.333,7722000000,0.007335766274,1.767553903
10760.78566,598616.8616,2648610.553,2769.323114,-646.7268133,2715415.256,2843.836507,-4030233.333,7722000000,0.007335766274,1.794392494
10796.51038,697108.7778,2623660.808,2743.966374,-749.901569,2714692.742,2844.592031,-4030233.333,7722000000,0.007335766274,1.784797031
10832.60158,795620.6291,2594729.547,2714.431087,-853.1521585,2713970.082,2845.34791,-4030233.333,7722000000,0.007335766274,1.808047575
10867.26898,889177.7918,2563449.173,2682.385995,-951.2606431,2713283.768,2846.065958,-4030233.333,7722000000,0.007335766274,1.720191684
10902.01684,981775.0935,2528703.387,2646.690703,-1048.411455,2712604.496,2846.776819,-4030233.333,7722000000,0.007335766274,1.740428269
10940.22066,1082074.688,2486633.534,2603.364048,-1153.698233,2711868.722,2847.547011,-4030233.333,7722000000,0.007335766274,1.940149209
10976.13344,1174779.45,2443447.81,2558.792721,-1251.063361,2711188.661,2848.259069,-4030233.333,7722000000,0.007335766274,1.770137297
11011.80701,1265216.954,2397117.665,2510.889939,-1346.094333,2710525.233,2848.953886,-4030233.333,7722000000,0.007335766274,1.786068225
11046.12232,1350540.066,2349382.019,2461.457055,-1435.793802,2709899.323,2849.609565,-4030233.333,7722000000,0.007335766274,1.703358619
11080.14836,1433414.481,2299039.513,2409.253507,-1522.958655,2709291.375,2850.246573,-4030233.333,7722000000,0.007335766274,1.70093925
11115.51465,1517612.873,2243605.238,2351.697897,-1611.556098,2708673.716,2850.893905,-4030233.333,7722000000,0.007335766274,1.780204331
11151.22191,1600498.428,2184496.405,2290.255416,-1698.811588,2708065.687,2851.531287,-4030233.333,7722000000,0.007335766274,1.786273256
11187.80237,1683074.149,2120754.744,2223.925262,-1785.779879,2707459.93,2852.166431,-4030233.333,7722000000,0.007335766274,1.836567422
11223.54348,1761353.361,2055447.516,2155.898221,-1868.25905,2706885.692,2852.768659,-4030233.333,7722000000,0.007335766274,1.778318044
11258.92929,1836404.902,1987930.301,2085.505584,-1947.370241,2706335.132,2853.346175,-4030233.333,7722000000,0.007335766274,1.767697425
11295.377,1911048.936,1915509.928,2009.93721,-2026.083814,2705787.561,2853.920674,-4030233.333,7722000000,0.007335766274,1.832036231
11330.70298,1980715.809,1842630.139,1933.829983,-2099.577623,2705276.501,2854.456971,-4030233.333,7722000000,0.007335766274,1.754698444
11366.68054,2048854.035,1765789.879,1853.529032,-2171.485679,2704776.655,2854.981599,-4030233.333,7722000000,0.007335766274,1.806673866
11401.96285,2112822.765,1687974.66,1772.154761,-2239.017749,2704307.395,2855.474212,-4030233.333,7722000000,0.007335766274,1.756605235
11436.45849,2172547.346,1609641.903,1690.189341,-2302.090411,2703869.269,2855.93422,-4030233.333,7722000000,0.007335766274,1.719166528
11471.23604,2229857.629,1528519.109,1605.256709,-2362.632654,2703448.855,2856.375703,-4030233.333,7722000000,0.007335766274,1.742355562
11506.49409,2284904.878,1444182.187,1516.912327,-2420.801973,2703045.041,2856.799818,-4030233.333,7722000000,0.007335766274,1.766528747
11541.05227,2335800.367,1359584.817,1428.251844,-2474.599525,2702671.683,2857.192002,-4030233.333,7722000000,0.007335766274,1.721093822
11576.46369,2384738.595,1271029.377,1335.401217,-2526.342232,2702312.684,2857.569156,-4030233.333,7722000000,0.007335766274,1.779302194
11612.01871,2430533.02,1180333.672,1240.266371,-2574.773429,2701976.747,2857.922127,-4030233.333,7722000000,0.007335766274,1.777477416
11647.81574,2473189.542,1087345.819,1142.689297,-2619.896882,2701663.829,2858.250952,-4030233.333,7722000000,0.007335766274,1.792034634
11684.15486,2512888.198,991366.1655,1041.936806,-2661.9008,2701372.608,2858.557009,-4030233.333,7722000000,0.007335766274,1.821354103
11720.92004,2549296.843,892780.2935,938.4147457,-2700.431621,2701105.523,2858.837732,-4030233.333,7722000000,0.007335766274,1.841242135
11757.02895,2581324.935,794646.733,835.33775,-2734.332858,2700870.573,2859.084702,-4030233.333,7722000000,0.007335766274,1.799128716
11792.89232,2609428.642,696039.0952,731.7366225,-2764.085052,2700664.41,2859.301429,-4030233.333,7722000000,0.007335766274,1.792116647
11828.37286,2633556.951,597503.1725,628.1882915,-2789.632288,2700487.411,2859.487512,-4030233.333,7722000000,0.007335766274,1.770834403
11863.55218,2653837.029,498976.7502,524.63089,-2811.107578,2700338.641,2859.643926,-4030233.333,7722000000,0.007335766274,1.756871775
11898.72796,2670459.119,399772.8672,420.3455694,-2828.71106,2700216.705,2859.772134,-4030233.333,7722000000,0.007335766274,1.759127119
11934.07955,2683457.472,299518.4673,314.9431018,-2842.477962,2700121.352,2859.872396,-4030233.333,7722000000,0.007335766274,1.769071134
11968.7677,2692581.94,200739.5116,211.0824494,-2852.14251,2700054.417,2859.942778,-4030233.333,7722000000,0.007335766274,1.728290419
12003.98391,2698154.297,100182.3611,105.3457695,-2858.044931,2700013.54,2859.985762,-4030233.333,7722000000,0.007335766274,1.76654925
12038.36718,2699999.358,1869.045648,1.965386291,-2859.99932,2700000.005,2859.999995,-4030233.333,7722000000,0.007335766274,1.710801253
12040.07798,2699998.319,-3023.845159,-3.179710357,-2859.998219,2700000.012,2859.999987,-4030233.333,7722000000,0.007335766274,1.710801253
12074.93653,2698060.53,-102694.7082,-107.9875757,-2857.94561,2700014.227,2859.985039,-4030233.333,7722000000,0.007335766274,1.746497194
12109.08998,2692620.665,-200215.5698,-210.531534,-2852.183528,2700054.133,2859.943077,-4030233.333,7722000000,0.007335766274,1.703358619
12143.29481,2683666.88,-297622.4036,-312.9495725,-2842.69976,2700119.816,2859.874011,-4030233.333,7722000000,0.007335766274,1.711006284
12177.0049,2671421.571,-393241.5495,-413.4792248,-2829.730385,2700209.645,2859.779558,-4030233.333,7722000000,0.007335766274,1.682670966
12211.04472,2655626.575,-489290.6836,-514.4493299,-2813.002704,2700325.513,2859.657729,-4030233.333,7722000000,0.007335766274,1.704137738
12244.72114,2636628.94,-583693.7365,-613.674785,-2792.885173,2700464.875,2859.511205,-4030233.333,7722000000,0.007335766274,1.681563797
12278.39597,2614303.853,-677355.4849,-712.1042219,-2769.246693,2700628.647,2859.339027,-4030233.333,7722000000,0.007335766274,1.683983166
12311.94056,2588784.69,-769805.2228,-809.240591,-2742.22974,2700815.85,2859.142228,-4030233.333,7722000000,0.007335766274,1.676479022
12345.78937,2559748.576,-862116.0496,-906.2088224,-2711.49397,2701028.852,2858.918323,-4030233.333,7722000000,0.007335766274,1.694214225
12379.41974,2527668.617,-952743.171,-1001.383805,-2677.541816,2701264.183,2858.670968,-4030233.333,7722000000,0.007335766274,1.680108075
12413.09092,2492364.474,-1042279.59,-1095.386329,-2640.184152,2701523.166,2858.398777,-4030233.333,7722000000,0.007335766274,1.683942159
12446.84136,2453824.366,-1130708.199,-1188.196248,-2599.410475,2701805.887,2858.101667,-4030233.333,7722000000,0.007335766274,1.687919766
12480.61562,2412146.961,-1217766.094,-1279.535593,-2555.327283,2702111.623,2857.780407,-4030233.333,7722000000,0.007335766274,1.6888014
12514.37578,2367431.55,-1303245.137,-1369.184231,-2508.04181,2702439.644,2857.43577,-4030233.333,7722000000,0.007335766274,1.687919765
12548.71729,2318871.596,-1388502.802,-1458.563338,-2456.703825,2702795.869,2857.061549,-4030233.333,7722000000,0.007335766274,1.720314703
12582.62056,2267952.574,-1470889.5,-1544.893565,-2402.886347,2703169.399,2856.669201,-4030233.333,7722000000,0.007335766274,1.692368944
12616.63032,2213966.877,-1551649.663,-1629.478245,-2345.843871,2703565.425,2856.253284,-4030233.333,7722000000,0.007335766274,1.701390319
12650.85816,2156766.985,-1630917.294,-1712.456048,-2285.423438,2703985.03,2855.81267,-4030233.333,7722000000,0.007335766274,1.712503013
12684.86427,2097162.904,-1707573.594,-1792.654953,-2222.483399,2704422.272,2855.35361,-4030233.333,7722000000,0.007335766274,1.698950447
12718.63218,2035316.519,-1781527.614,-1869.980092,-2157.197069,2704875.963,2854.877359,-4030233.333,7722000000,0.007335766274,1.687222659
12752.33493,1971026.021,-1853095.24,-1944.761948,-2089.353894,2705347.583,2854.382372,-4030233.333,7722000000,0.007335766274,1.684905806
12785.34771,1905647.996,-1920938.949,-2015.604347,-2020.387349,2705827.181,2853.879101,-4030233.333,7722000000,0.007335766274,1.646831503
12818.08652,1838542.641,-1985932.003,-2083.421275,-1949.624085,2706319.45,2853.362627,-4030233.333,7722000000,0.007335766274,1.635841828
12851.04435,1768787.21,-2048981.876,-2149.1599,-1876.093572,2706831.159,2852.825856,-4030233.333,7722000000,0.007335766274,1.649230369
12883.83152,1697285.641,-2109264.379,-2211.961087,-1800.751269,2707355.678,2852.275755,-4030233.333,7722000000,0.007335766274,1.638261197
12918.7941,1618821.448,-2170785.319,-2275.993497,-1718.105931,2707931.273,2851.672209,-4030233.333,7722000000,0.007335766274,1.760336803
12956.39564,1531999.759,-2233678.201,-2341.383822,-1626.698687,2708568.177,2851.004528,-4030233.333,7722000000,0.007335766274,1.893381581
12995.89303,1438229.799,-2295988.544,-2406.087649,-1528.024467,2709256.051,2850.28359,-4030233.333,7722000000,0.007335766274,1.983923381
13033.297,1347146.911,-2351358,-2463.504671,-1432.225816,2709924.214,2849.583487,-4030233.333,7722000000,0.007335766274,1.857562622
13071.95548,1250829.148,-2404775.595,-2518.813251,-1330.972635,2710630.779,2848.843335,-4030233.333,7722000000,0.007335766274,1.941297384
13109.37569,1155635.164,-2452715.404,-2568.36476,-1230.952669,2711329.099,2848.112009,-4030233.333,7722000000,0.007335766274,1.863200981
13148.45104,1054333.451,-2498743.03,-2615.845704,-1124.571907,2712072.225,2847.333968,-4030233.333,7722000000,0.007335766274,1.963830319
13186.18019,954841.1114,-2539207.271,-2657.491123,-1020.147966,2712802.078,2846.570031,-4030233.333,7722000000,0.007335766274,1.877860716
13224.44563,852410.9335,-2576192.558,-2695.452697,-912.6992498,2713553.482,2845.783752,-4030233.333,7722000000,0.007335766274,1.917206212
13263.45184,746589.5478,-2609634.094,-2729.661459,-801.7556516,2714329.763,2844.971671,-4030233.333,7722000000,0.007335766274,1.953988819
13299.72605,647058.7415,-2636828.631,-2757.365069,-697.4650205,2715059.897,2844.208076,-4030233.333,7722000000,0.007335766274,1.798124063
13333.47161,553625.8119,-2658716.042,-2779.551329,-599.6149119,2715745.299,2843.491451,-4030233.333,7722000000,0.007335766274,1.67496179
13367.36094,459100.5472,-2677361.757,-2798.329967,-500.671074,2716438.715,2842.766632,-4030233.333,7722000000,0.007335766274,1.696633594
13401.81914,362397.9671,-2692872.355,-2813.806548,-399.5004016,2717148.102,2842.02531,-4030233.333,7722000000,0.007335766274,1.725830044
13436.95576,263308.1565,-2705090.265,-2825.81718,-295.8869824,2717875.002,2841.265887,-4030233.333,7722000000,0.007335766274,1.760275294
13471.39806,165831.0377,-2713527.601,-2833.885479,-194.0139401,2718590.071,2840.519023,-4030233.333,7722000000,0.007335766274,1.717874832
13505.68543,68578.9808,-2718438.594,-2838.269474,-92.42950123,2719303.49,2839.774079,-4030233.333,7722000000,0.007335766274,1.713979237
13540.00783,-28860.4073,-2719865.168,-2839.012673,9.297172057,2720018.282,2839.027896,-4030233.333,7722000000,0.007335766274,1.7163576
13574.18588,-125853.4047,-2717817.427,-2836.133335,110.5047289,2720729.8,2838.285326,-4030233.333,7722000000,0.007335766274,1.708074337
13608.46768,-222979.9596,-2712292.041,-2829.626396,211.7986162,2721442.298,2837.541928,-4030233.333,7722000000,0.007335766274,1.714758356
13642.93114,-320333.6933,-2703242.891,-2819.445895,313.276218,2722156.462,2836.796986,-4030233.333,7722000000,0.007335766274,1.724107781
13677.51737,-417618.414,-2690653.555,-2805.579858,414.6287083,2722870.12,2836.052768,-4030233.333,7722000000,0.007335766274,1.729889663
13712.26684,-514815.8112,-2674484.957,-2787.990579,515.8371807,2723583.137,2835.309412,-4030233.333,7722000000,0.007335766274,1.738316447
13746.58071,-610133.4046,-2655080.344,-2767.052042,615.0368239,2724282.365,2834.580622,-4030233.333,7722000000,0.007335766274,1.713179616
13781.57835,-706547.2636,-2631797.764,-2742.075687,715.3255904,2724989.635,2833.843639,-4030233.333,7722000000,0.007335766274,1.753960331
13816.20989,-801030.107,-2605320.932,-2713.799161,813.5552397,2725682.739,2833.121602,-4030233.333,7722000000,0.007335766274,1.729090041
13851.17551,-895368.8967,-2575157.085,-2681.698496,911.5852926,2726374.786,2832.400849,-4030233.333,7722000000,0.007335766274,1.750413291
13885.74756,-987482.0449,-2541984.201,-2646.497234,1007.254612,2727050.506,2831.697276,-4030233.333,7722000000,0.007335766274,1.726178597
13920.27113,-1078193.025,-2505580.582,-2607.960515,1101.421309,2727715.941,2831.004583,-4030233.333,7722000000,0.007335766274,1.726178597
13954.47583,-1166697.666,-2466331.926,-2566.497253,1193.253341,2728365.19,2830.3289,-4030233.333,7722000000,0.007335766274,1.708463897
13988.74623,-1253894.654,-2423884.414,-2521.734604,1283.685829,2729004.847,2829.663358,-4030233.333,7722000000,0.007335766274,1.714081753
14023.01754,-1339505.477,-2378365.126,-2473.808447,1372.43206,2729632.868,2829.010073,-4030233.333,7722000000,0.007335766274,1.713507665
14057.39619,-1423680.62,-2329678.198,-2422.619685,1459.650226,2730250.357,2828.36789,-4030233.333,7722000000,0.007335766274,1.719535585
14090.98421,-1504170.307,-2279246.196,-2369.663248,1543.012812,2730840.811,2827.753959,-4030233.333,7722000000,0.007335766274,1.674941287
14124.04644,-1581616.533,-2226900.072,-2314.759003,1623.189285,2731408.938,2827.163366,-4030233.333,7722000000,0.007335766274,1.650686091
14157.15427,-1657305.811,-2171857.664,-2257.086163,1701.514651,2731964.177,2826.58629,-4030233.333,7722000000,0.007335766274,1.655914388
14189.99134,-1730447.145,-2114737.074,-2197.292494,1777.173092,2732500.725,2826.028751,-4030233.333,7722000000,0.007335766274,1.640291006
14222.84292,-1801614.606,-2055139.507,-2134.960446,1850.761216,2733022.793,2825.486363,-4030233.333,7722000000,0.007335766274,1.642833394
14255.71398,-1870734.425,-1993122.699,-2070.150859,1922.205143,2733529.839,2824.959679,-4030233.333,7722000000,0.007335766274,1.643633016
14288.5597,-1937634.048,-1928844.974,-2003.029384,1991.328984,2734020.599,2824.450006,-4030233.333,7722000000,0.007335766273,1.642136288
14321.33157,-2002148.514,-1862487.05,-1933.784558,2057.964869,2734493.862,2823.95859,-4030233.333,7722000000,0.007335766273,1.638199688
14353.97931,-2064126.392,-1794247.929,-1862.623496,2121.959036,2734948.518,2823.486575,-4030233.333,7722000000,0.007335766273,1.631741203
14386.99463,-2124404.227,-1723156.688,-1788.533926,2184.177448,2735390.702,2823.027582,-4030233.333,7722000000,0.007335766273,1.652879925
14419.76436,-2181781.237,-1650604.67,-1712.965677,2243.382962,2735811.606,2822.590747,-4030233.333,7722000000,0.007335766273,1.636887488
14452.81101,-2237102.746,-1575518.054,-1634.799731,2300.450222,2736217.432,2822.169624,-4030233.333,7722000000,0.007335766273,1.654048603
14485.74289,-2289631.412,-1498860.472,-1555.038778,2354.620842,2736602.77,2821.769818,-4030233.333,7722000000,0.007335766273,1.645765341
14518.76633,-2339638.902,-1420243.807,-1473.278013,2406.177304,2736969.613,2821.389254,-4030233.333,7722000000,0.007335766273,1.651772756
14552.51185,-2387921.177,-1338198.058,-1387.988925,2455.942002,2737323.801,2821.021867,-4030233.333,7722000000,0.007335766273,1.691220769
14586.69166,-2433861.872,-1253436.518,-1299.913587,2503.281271,2737660.811,2820.672341,-4030233.333,7722000000,0.007335766273,1.710965278
14620.43895,-2476240.947,-1168212.21,-1211.391623,2546.94016,2737971.694,2820.349951,-4030233.333,7722000000,0.007335766273,1.684741781
14656.12447,-2517776.523,-1076549.563,-1116.216727,2589.720458,2738276.389,2820.034012,-4030233.333,7722000000,0.007335766273,1.795335638
14690.81699,-2554875.048,-986033.2489,-1022.263598,2627.922688,2738548.535,2819.751854,-4030233.333,7722000000,0.007335766273,1.727880356
14725.56983,-2588747.357,-894089.5984,-926.857515,2662.796089,2738797.014,2819.494257,-4030233.333,7722000000,0.007335766273,1.738726509
14760.00482,-2619019.318,-801849.9519,-831.1699405,2693.957381,2739019.083,2819.26406,-4030233.333,7722000000,0.007335766273,1.719863635
14794.36224,-2645921.222,-708807.1159,-734.6720202,2721.64537,2739216.429,2819.059506,-4030233.333,7722000000,0.007335766273,1.717649297
14828.80121,-2669543.779,-614647.899,-637.0365621,2745.954898,2739389.718,2818.879899,-4030233.333,7722000000,0.007335766273,1.722426525
14863.19328,-2689764.675,-519841.0753,-538.7472097,2766.761398,2739538.054,2818.726164,-4030233.333,7722000000,0.007335766273,1.719289547
14898.00312,-2706776.897,-423215.5117,-438.587485,2784.264555,2739662.852,2818.596831,-4030233.333,7722000000,0.007335766273,1.742847638
14932.63162,-2720231.247,-326550.6296,-338.3993638,2798.106038,2739761.55,2818.49455,-4030233.333,7722000000,0.007335766273,1.730156203
14967.26169,-2730208.913,-229463.9659,-237.7836043,2808.370156,2739834.743,2818.418701,-4030233.333,7722000000,0.007335766273,1.731652931
15001.89069,-2736696.592,-132086.9939,-136.8736734,2815.043798,2739882.336,2818.369384,-4030233.333,7722000000,0.007335766273,1.731427397
15039.66507,-2739784.671,-25676.96712,-26.60725065,2818.220311,2739904.989,2818.34591,-4030233.333,7722000000,0.007335766273,1.906196034
15050.62633,-2739900.878,5215.256681,5.404205172,2818.339845,2739905.841,2818.345026,-4030233.333,7722000000,0.007335766273,1.7872164
15086.06081,-2737876.163,105055.913,108.8626736,2816.257155,2739890.989,2818.360417,-4030233.333,7722000000,0.007335766273,1.709755594
15120.28471,-2732442.302,201353.5828,208.6527798,2810.667588,2739851.127,2818.401724,-4030233.333,7722000000,0.007335766273,1.716952191
15154.70831,-2723535.643,297959.349,308.7679304,2801.505362,2739785.79,2818.46943,-4030233.333,7722000000,0.007335766273,1.738090912
15189.41789,-2711071.932,394986.2774,409.3282051,2788.683283,2739694.359,2818.564179,-4030233.333,7722000000,0.007335766273,1.725030422
15223.88192,-2695251.364,490825.1844,508.6685646,2772.406595,2739578.303,2818.684452,-4030233.333,7722000000,0.007335766273,1.715886028
15258.92274,-2675666.827,587630.1149,609.0246642,2752.25551,2739434.635,2818.833346,-4030233.333,7722000000,0.007335766273,1.896662081
15296.87534,-2650503.751,691607.3119,716.8357851,2726.361404,2739250.045,2819.024663,-4030233.333,7722000000,0.007335766273,1.901500819
15334.18315,-2621799.345,792783.3529,821.7656989,2696.818827,2739039.476,2819.242921,-4030233.333,7722000000,0.007335766273,1.7209503
15368.47594,-2591979.888,884748.1206,917.1657359,2666.123827,2738820.728,2819.469675,-4030233.333,7722000000,0.007335766273,1.68939599
15402.44757,-2559232.58,974757.2836,1010.561518,2632.409361,2738580.501,2819.718714,-4030233.333,7722000000,0.007335766273,1.735322991
15437.14345,-2522533.488,1065445.21,1104.689138,2594.61937,2738311.285,2819.997831,-4030233.333,7722000000,0.007335766273,1.732678087
15471.76166,-2482685.335,1154565.458,1197.219789,2553.578295,2738018.968,2820.30093,-4030233.333,7722000000,0.007335766273,1.723841241
15506.20593,-2439883.645,1241771.47,1287.795223,2509.485502,2737704.985,2820.626529,-4030233.333,7722000000,0.007335766273,1.7157015
15540.57794,-2394088.857,1327225.616,1376.585473,2462.298123,2737369.045,2820.97494,-4030233.333,7722000000,0.007335766273,1.73019721
15575.12144,-2345020.111,1411417.524,1464.101025,2411.724372,2737009.088,2821.348305,-4030233.333,7722000000,0.007335766273,1.715086406
15609.38331,-2293395.979,1493144.585,1549.093022,2358.502497,2736630.386,2821.741168,-4030233.333,7722000000,0.007335766273,1.705121888
15643.36224,-2239353.986,1572345.362,1631.497814,2302.772144,2736233.946,2822.152488,-4030233.333,7722000000,0.007335766273,1.674244181
15676.7369,-2183579.343,1648247.12,1710.510809,2245.238076,2735824.797,2822.577058,-4030233.333,7722000000,0.007335766273,1.646687981
15709.84157,-2125683.371,1721593.399,1786.905196,2185.497555,2735400.085,2823.017843,-4030233.333,7722000000,0.007335766273,1.689416494
15743.7959,-2063710.069,1794722.107,1863.117824,2121.52924,2734945.464,2823.489745,-4030233.333,7722000000,0.007335766273,1.730914819
15778.37515,-1997976.222,1866917.328,1938.406127,2053.656078,2734463.256,2823.990368,-4030233.333,7722000000,0.007335766274,1.721155331
15812.73683,-1930118.517,1936287.604,2010.798809,1983.564821,2733965.467,2824.507258,-4030233.333,7722000000,0.007335766274,1.705798491
15846.95803,-1860108.385,2002936.85,2080.403623,1911.223533,2733451.889,2825.040642,-4030233.333,7722000000,0.007335766274,1.732104
15881.52269,-1787022.431,2067699.039,2148.091921,1835.674999,2732915.748,2825.597566,-4030233.333,7722000000,0.007335766274,1.71274905
15915.79153,-1712298.137,2129288.079,2212.519346,1758.402271,2732367.588,2826.167086,-4030233.333,7722000000,0.007335766274,1.716214078
15950.12983,-1635254.959,2188306.574,2274.315227,1678.699104,2731802.417,2826.7544,-4030233.333,7722000000,0.007335766274,1.719720112
15984.50373,-1556055.397,2244607.335,2333.325062,1596.730718,2731221.428,2827.358278,-4030233.333,7722000000,0.007335766274,1.714594331
16018.80644,-1475047.654,2297946.731,2389.292546,1512.854854,2730627.174,2827.976075,-4030233.333,7722000000,0.007335766274,1.717300744
16053.94199,-1390136.637,2349562.413,2443.5174,1424.898321,2730004.286,2828.623784,-4030233.333,7722000000,0.007335766274,1.914684328
16092.1152,-1295792.638,2402096.278,2498.785474,1327.123386,2729312.201,2829.343621,-4030233.333,7722000000,0.007335766274,1.884565238
16129.88754,-1200434.948,2450363.868,2549.649406,1228.247496,2728612.679,2830.071378,-4030233.333,7722000000,0.007335766274,1.904822325
16167.79191,-1102886.302,2495007.878,2596.783353,1127.047342,2727897.085,2830.816048,-4030233.333,7722000000,0.007335766274,1.856804006
16205.05675,-1005314.611,2535125.341,2639.229772,1025.770154,2727181.322,2831.561089,-4030233.333,7722000000,0.007335766274,1.888993913
16243.0114,-904386.7956,2572074.011,2678.422877,920.9534355,2726440.939,2832.331962,-4030233.333,7722000000,0.007335766274,1.932686072
16280.90314,-802220.524,2604963.767,2713.418431,814.7925451,2725691.471,2833.112506,-4030233.333,7722000000,0.007335766274,1.742191538
16315.64331,-707452.2673,2631561.51,2741.822852,716.2667199,2724996.273,2833.836722,-4030233.333,7722000000,0.007335766274,1.716275588
16349.95422,-612946.5734,2654453.492,2766.377799,617.9637925,2724303.002,2834.559115,-4030233.333,7722000000,0.007335766274,1.712626031
16384.19575,-517851.95,2673921.425,2787.380336,518.9977593,2723605.41,2835.286195,-4030233.333,7722000000,0.007335766274,1.709878613
16418.51593,-421877.9369,2690020.606,2804.887686,419.0651208,2722901.367,2836.020188,-4030233.333,7722000000,0.007335766274,1.740530784
16453.09987,-324620.8653,2702763.09,2818.912901,317.7437691,2722187.912,2836.764186,-4030233.333,7722000000,0.007335766274,1.683860147
16486.81053,-229412.507,2711802.891,2829.067031,218.5052872,2721489.485,2837.492701,-4030233.333,7722000000,0.007335766274,1.692225422
16520.40654,-134245.753,2717477.456,2835.714399,119.2592551,2720791.364,2838.221084,-4030233.333,7722000000,0.007335766274,1.630100953
16553.26468,-41008.8003,2719798.255,2838.849817,21.97634002,2720107.4,2838.934878,-4030233.333,7722000000,0.007335766274,1.694132213
16587.14971,55191.2808,2718841.577,2838.587703,-78.44958,2719401.699,2839.671545,-4030233.333,7722000000,0.007335766274,1.694726803
16621.14454,151633.5665,2714462.29,2834.753027,-179.180677,2718694.221,2840.410259,-4030233.333,7722000000,0.007335766274,1.719802125
16655.44701,248754.4268,2706574.608,2827.256709,-280.6735193,2717981.765,2841.154365,-4030233.333,7722000000,0.007335766274,1.69640806
16689.31719,344338.2972,2695374.725,2816.283981,-380.6121478,2717280.584,2841.886886,-4030233.333,7722000000,0.007335766274,1.68191235
16722.75721,438285.2987,2681002.59,2801.977795,-478.8896053,2716591.41,2842.607046,-4030233.333,7722000000,0.007335766274,1.632356297
16755.46601,529660.3208,2663773.149,2784.658009,-574.5243756,2715921.105,2843.307666,-4030233.333,7722000000,0.007335766274,1.647774647
16788.70551,621882.0415,2643069.408,2763.70313,-671.0931928,2715244.588,2844.014955,-4030233.333,7722000000,0.007335766274,1.718776969
16822.96804,716153.3649,2618381.664,2738.586096,-769.8579756,2714553.035,2844.738144,-4030233.333,7722000000,0.007335766274,1.690523663
16856.53617,807621.3375,2590927.159,2710.541208,-865.7338971,2713882.048,2845.440005,-4030233.333,7722000000,0.007335766274,1.629936928
16889.46697,896383.558,2560882.364,2679.7523,-958.8190104,2713230.909,2846.12127,-4030233.333,7722000000,0.007335766274,1.712954081
16923.76665,987699.5602,2526348.541,2644.268348,-1054.628916,2712561.036,2846.822307,-4030233.333,7722000000,0.007335766274,1.723103128
16958.26152,1078247.796,2488325.927,2605.108919,-1149.680009,2711896.795,2847.517621,-4030233.333,7722000000,0.007335766274,1.731304378
16992.82921,1167572.431,2446958.368,2562.41903,-1243.492286,2711241.53,2848.203706,-4030233.333,7722000000,0.007335766274,1.716706153
17027.21049,1254893.353,2402623.621,2516.586907,-1335.244027,2710600.965,2848.874562,-4030233.333,7722000000,0.007335766274,1.72849545
17061.72283,1340904.841,2354975.93,2467.253466,-1425.662296,2709970.004,2849.535514,-4030233.333,7722000000,0.007335766274,1.714102256
17096.24132,1425171.922,2304229.24,2414.638136,-1514.287624,2709351.841,2850.183211,-4030233.333,7722000000,0.007335766274,1.773212766
17131.48963,1509288.328,2249287.19,2357.600443,-1602.794827,2708734.783,2850.829897,-4030233.333,7722000000,0.007335766274,1.719228037
17165.9439,1589511.68,2192603.227,2298.686305,-1687.243337,2708146.283,2851.446792,-4030233.333,7722000000,0.007335766274,1.736655694
17200.44082,1667747.801,2132971.018,2236.642954,-1769.635313,2707572.361,2852.048535,-4030233.333,7722000000,0.007335766274,1.677606694
17233.8683,1741468.468,2072512.354,2173.67989,-1847.303947,2707031.563,2852.615665,-4030233.333,7722000000,0.007335766274,1.646441944
17267.02193,1812461.4,2010020.958,2108.543689,-1922.128103,2706510.776,2853.161919,-4030233.333,7722000000,0.007335766274,1.702641009
17301.10223,1883141.744,1943237.349,2038.877225,-1996.651414,2705992.281,2853.705872,-4030233.333,7722000000,0.007335766274,1.709509556
17335.34802,1951727.69,1873614.307,1966.193138,-2068.993757,2705489.151,2854.233807,-4030233.333,7722000000,0.007335766274,1.723410675
17369.86954,2018301.129,1800969.126,1890.299639,-2139.23911,2705000.784,2854.746345,-4030233.333,7722000000,0.007335766274,1.736737706
17404.50383,2082414.85,1725697.946,1811.609894,-2206.913058,2704530.46,2855.240035,-4030233.333,7722000000,0.007335766274,1.711621378
17438.81622,2143203.336,1648864.035,1731.236344,-2271.098862,2704084.53,2855.708199,-4030233.333,7722000000,0.007335766274,1.731611925
17473.47438,2201764.134,1569071.3,1647.71917,-2332.9525,2703654.942,2856.15928,-4030233.333,7722000000,0.007335766274,1.738090913
17508.47805,2257930.868,1486361.482,1561.101525,-2392.295929,2703242.916,2856.591987,-4030233.333,7722000000,0.007335766274,1.798554628
17544.17309,2312044.785,1399937.547,1470.547805,-2449.487549,2702845.949,2857.008943,-4030233.333,7722000000,0.007335766274,1.729541109
17578.71962,2361303.947,1314407.34,1380.888228,-2501.562911,2702484.595,2857.388545,-4030233.333,7722000000,0.007335766274,1.718469422
17612.89169,2406950.095,1228089.772,1290.364721,-2549.831132,2702149.746,2857.740351,-4030233.333,7722000000,0.007335766274,1.669138903
17646.17285,2448404.86,1142490.052,1200.559454,-2593.677569,2701845.643,2858.05989,-4030233.333,7722000000,0.007335766274,1.643735531
17679.44041,2486830.303,1055519.688,1109.284373,-2634.328727,2701563.763,2858.356112,-4030233.333,7722000000,0.007335766274,1.7419455
17714.29055,2523801.144,963020.8965,1012.175611,-2673.449036,2701292.554,2858.641149,-4030233.333,7722000000,0.007335766274,1.744754428
17749.07074,2557299.104,869410.8454,913.8706296,-2708.901337,2701046.82,2858.899436,-4030233.333,7722000000,0.007335766274,1.71602955
17783.44521,2587025.16,775742.7388,815.4783752,-2740.367076,2700828.757,2859.128659,-4030233.333,7722000000,0.007335766274,1.729500103
17818.07778,2613534.534,680340.2152,715.2405761,-2768.432166,2700634.29,2859.333094,-4030233.333,7722000000,0.007335766274,1.740141225
17852.82935,2636628.185,583697.1701,613.6783937,-2792.884374,2700464.881,2859.511199,-4030233.333,7722000000,0.007335766274,1.727326772
17887.33135,2656049.656,486971.6016,512.0115924,-2813.450749,2700322.409,2859.660992,-4030233.333,7722000000,0.007335766274,1.716193575
17921.78521,2671931.338,389736.9061,409.794787,-2830.270277,2700205.905,2859.78349,-4030233.333,7722000000,0.007335766274,1.748691028
17956.32428,2684307.476,291744.7824,306.7697952,-2843.378257,2700115.117,2859.878952,-4030233.333,7722000000,0.007335766274,1.640003962
17989.6987,2692878.789,196687.3794,206.8217012,-2852.456937,2700052.24,2859.945068,-4030233.333,7722000000,0.007335766274,1.783587347
18025.74983,2698384.268,93735.52746,98.56672704,-2858.288528,2700011.853,2859.987536,-4030233.333,7722000000,0.007335766274,1.878434803
18059.73499,2699997.82,-3443.326693,-3.620814214,-2859.997691,2700000.016,2859.999983,-4030233.333,7722000000,0.007335766274,1.965101512
18098.90556,2697549.178,-115436.2011,-121.3855943,-2857.403962,2700017.979,2859.981095,-4030233.333,7722000000,0.007335766274,1.899368494
18137.13823,2690713.885,-224558.7815,-236.127789,-2850.163845,2700068.121,2859.928369,-4030233.333,7722000000,0.007335766274,2.022018188
18177.44388,2678765.647,-339198.7537,-356.6623015,-2837.508612,2700155.77,2859.836205,-4030233.333,7722000000,0.007335766274,1.954665422
18216.32535,2662647.398,-449208.82,-472.315521,-2820.437925,2700274.01,2859.711881,-4030233.333,7722000000,0.007335766274,1.848746278
18253.47107,2643062.258,-553604.1543,-582.0498429,-2799.697498,2700417.682,2859.560823,-4030233.333,7722000000,0.007335766274,1.934141793
18292.08448,2618400.261,-661220.7291,-695.1494787,-2773.58388,2700598.597,2859.370619,-4030233.333,7722000000,0.007335766274,1.899430003
18330.15723,2589829.171,-766256.9596,-805.5128437,-2743.335451,2700808.187,2859.150282,-4030233.333,7722000000,0.007335766274,1.941502415
18368.85712,2556506.809,-871755.8476,-916.3335784,-2708.062744,2701052.633,2858.893326,-4030233.333,7722000000,0.007335766274,1.876425497
18406.59907,2519906.431,-973245.8034,-1022.911601,-2669.327517,2701321.124,2858.61112,-4030233.333,7722000000,0.007335766274,1.983144263
18446.1081,2477316.981,-1077833.205,-1132.705207,-2624.263575,2701633.551,2858.282771,-4030233.333,7722000000,0.007335766274,1.906216537
18484.22657,2432151.046,-1176968.772,-1236.736048,-2576.484838,2701964.877,2857.934599,-4030233.333,7722000000,0.007335766274,1.903284591
18522.34163,2383062.451,-1274195.296,-1338.721384,-2524.569806,2702324.98,2857.556238,-4030233.333,7722000000,0.007335766274,1.927970353
18560.86799,2329536.261,-1370380.758,-1439.568568,-2467.977438,2702717.635,2857.14373,-4030233.333,7722000000,0.007335766274,1.911444834
18599.14224,2272558.495,-1463700.796,-1537.362396,-2407.753838,2703135.611,2856.704689,-4030233.333,7722000000,0.007335766274,1.934121291
18637.7164,2211396.195,-1555343.964,-1633.346454,-2343.128049,2703584.283,2856.23348,-4030233.333,7722000000,0.007335766274,1.879993041
18675.50977,2147931.213,-1642643.322,-1724.726984,-2276.091854,2704049.848,2855.744614,-4030233.333,7722000000,0.007335766274,1.976747288
18714.96357,2078050.645,-1731000.78,-1817.155213,-2202.305762,2704562.475,2855.206427,-4030233.333,7722000000,0.007335766274,1.936171603
18753.65698,2006034.736,-1814756.373,-1904.707391,-2126.294249,2705090.767,2854.651901,-4030233.333,7722000000,0.007335766274,1.921163315
18792.04986,1931290.457,-1894887.851,-1988.407663,-2047.434379,2705639.074,2854.076483,-4030233.333,7722000000,0.007335766274,1.9059705
18830.07369,1854158.876,-1971202.623,-2068.056371,-1966.089262,2706204.893,2853.482808,-4030233.333,7722000000,0.007335766274,1.858177716
